DATETIME, VALUE
01/01/2024 12:00 AM, 0
01/01/2024  1:00 AM, 0
01/01/2024  2:00 AM, 0
01/01/2024  3:00 AM, 0
01/01/2024  4:00 AM, 0
01/01/2024  5:00 AM, 0
01/01/2024  6:00 AM, 0
01/01/2024  7:00 AM, 0
01/01/2024  8:00 AM, 5
01/01/2024  9:00 AM, 4.001
01/01/2024 10:00 AM, 5
01/01/2024 11:00 AM, 5
01/01/2024 12:00 PM, 5
01/01/2024  1:00 PM, 0
01/01/2024  2:00 PM, 0
01/01/2024  3:00 PM, 0
01/01/2024  4:00 PM, 0
01/01/2024  5:00 PM, 0
01/01/2024  6:00 PM, 0
01/01/2024  7:00 PM, 0
01/01/2024  8:00 PM, 0
01/01/2024  9:00 PM, 0
01/01/2024 10:00 PM, 0
01/01/2024 11:00 PM, 0
01/02/2024 12:00 AM, 5
01/02/2024  1:00 AM, 0
01/02/2024  2:00 AM, 5
01/02/2024  3:00 AM, 0
01/02/2024  4:00 AM, 0
01/02/2024  5:00 AM, 0
01/02/2024  6:00 AM, 0
01/02/2024  7:00 AM, 0
01/02/2024  8:00 AM, 0
01/02/2024  9:00 AM, 4.001
01/02/2024 10:00 AM, 5
01/02/2024 11:00 AM, 5
01/02/2024 12:00 PM, 5
01/02/2024  1:00 PM, 5
01/02/2024  2:00 PM, 0
01/02/2024  3:00 PM, 0
01/02/2024  4:00 PM, 0
01/02/2024  5:00 PM, 0
01/02/2024  6:00 PM, 0
01/02/2024  7:00 PM, 0
01/02/2024  8:00 PM, 0
01/02/2024  9:00 PM, 0
01/02/2024 10:00 PM, 0
01/02/2024 11:00 PM, 0
01/03/2024 12:00 AM, 1.0003
01/03/2024  1:00 AM, 0
01/03/2024  2:00 AM, 5
01/03/2024  3:00 AM, 0
01/03/2024  4:00 AM, 0
01/03/2024  5:00 AM, 0
01/03/2024  6:00 AM, 0
01/03/2024  7:00 AM, 0
01/03/2024  8:00 AM, 5
01/03/2024  9:00 AM, 5
01/03/2024 10:00 AM, 5
01/03/2024 11:00 AM, 5
01/03/2024 12:00 PM, 5
01/03/2024  1:00 PM, 5
01/03/2024  2:00 PM, 0.0012
01/03/2024  3:00 PM, 0
01/03/2024  4:00 PM, 0
01/03/2024  5:00 PM, 0
01/03/2024  6:00 PM, 0
01/03/2024  7:00 PM, 0
01/03/2024  8:00 PM, 0
01/03/2024  9:00 PM, 0
01/03/2024 10:00 PM, 0
01/03/2024 11:00 PM, 0
01/04/2024 12:00 AM, 0
01/04/2024  1:00 AM, 0
01/04/2024  2:00 AM, 0
01/04/2024  3:00 AM, 0
01/04/2024  4:00 AM, 0
01/04/2024  5:00 AM, 0
01/04/2024  6:00 AM, 0
01/04/2024  7:00 AM, 0
01/04/2024  8:00 AM, 5
01/04/2024  9:00 AM, 0.0012
01/04/2024 10:00 AM, 5
01/04/2024 11:00 AM, 5
01/04/2024 12:00 PM, 5
01/04/2024  1:00 PM, 5
01/04/2024  2:00 PM, 5
01/04/2024  3:00 PM, 0
01/04/2024  4:00 PM, 0
01/04/2024  5:00 PM, 0
01/04/2024  6:00 PM, 0
01/04/2024  7:00 PM, 0
01/04/2024  8:00 PM, 0
01/04/2024  9:00 PM, 0
01/04/2024 10:00 PM, 0
01/04/2024 11:00 PM, 0
01/05/2024 12:00 AM, 0
01/05/2024  1:00 AM, 0
01/05/2024  2:00 AM, 0
01/05/2024  3:00 AM, 0
01/05/2024  4:00 AM, 0
01/05/2024  5:00 AM, 0
01/05/2024  6:00 AM, 0
01/05/2024  7:00 AM, 1.0015
01/05/2024  8:00 AM, 5
01/05/2024  9:00 AM, 5
01/05/2024 10:00 AM, 5
01/05/2024 11:00 AM, 5
01/05/2024 12:00 PM, 5
01/05/2024  1:00 PM, 5
01/05/2024  2:00 PM, 5
01/05/2024  3:00 PM, 0
01/05/2024  4:00 PM, 0
01/05/2024  5:00 PM, 0
01/05/2024  6:00 PM, 0
01/05/2024  7:00 PM, 0
01/05/2024  8:00 PM, 0
01/05/2024  9:00 PM, 0
01/05/2024 10:00 PM, 0
01/05/2024 11:00 PM, 0
01/06/2024 12:00 AM, 5
01/06/2024  1:00 AM, 5
01/06/2024  2:00 AM, 2.0005
01/06/2024  3:00 AM, 0
01/06/2024  4:00 AM, 0
01/06/2024  5:00 AM, 0
01/06/2024  6:00 AM, 0
01/06/2024  7:00 AM, 0
01/06/2024  8:00 AM, 0.0012
01/06/2024  9:00 AM, 5
01/06/2024 10:00 AM, 5
01/06/2024 11:00 AM, 5
01/06/2024 12:00 PM, 5
01/06/2024  1:00 PM, 5
01/06/2024  2:00 PM, 5
01/06/2024  3:00 PM, 0
01/06/2024  4:00 PM, 0
01/06/2024  5:00 PM, 0
01/06/2024  6:00 PM, 0
01/06/2024  7:00 PM, 0
01/06/2024  8:00 PM, 0
01/06/2024  9:00 PM, 0
01/06/2024 10:00 PM, 0
01/06/2024 11:00 PM, 0
01/07/2024 12:00 AM, 5
01/07/2024  1:00 AM, 5
01/07/2024  2:00 AM, 5
01/07/2024  3:00 AM, 5
01/07/2024  4:00 AM, 5
01/07/2024  5:00 AM, 0
01/07/2024  6:00 AM, 0
01/07/2024  7:00 AM, 0
01/07/2024  8:00 AM, 0
01/07/2024  9:00 AM, 5
01/07/2024 10:00 AM, 0
01/07/2024 11:00 AM, 1.0015
01/07/2024 12:00 PM, 5
01/07/2024  1:00 PM, 0
01/07/2024  2:00 PM, 0
01/07/2024  3:00 PM, 0
01/07/2024  4:00 PM, 0
01/07/2024  5:00 PM, 0
01/07/2024  6:00 PM, 0
01/07/2024  7:00 PM, 0
01/07/2024  8:00 PM, 0
01/07/2024  9:00 PM, 0
01/07/2024 10:00 PM, 0
01/07/2024 11:00 PM, 0
01/08/2024 12:00 AM, 0
01/08/2024  1:00 AM, 0
01/08/2024  2:00 AM, 0
01/08/2024  3:00 AM, 0
01/08/2024  4:00 AM, 0
01/08/2024  5:00 AM, 0
01/08/2024  6:00 AM, 0
01/08/2024  7:00 AM, 0
01/08/2024  8:00 AM, 0
01/08/2024  9:00 AM, 0
01/08/2024 10:00 AM, 5
01/08/2024 11:00 AM, 5
01/08/2024 12:00 PM, 5
01/08/2024  1:00 PM, 0
01/08/2024  2:00 PM, 0
01/08/2024  3:00 PM, 0
01/08/2024  4:00 PM, 0
01/08/2024  5:00 PM, 0
01/08/2024  6:00 PM, 0
01/08/2024  7:00 PM, 0
01/08/2024  8:00 PM, 0
01/08/2024  9:00 PM, 0
01/08/2024 10:00 PM, 0
01/08/2024 11:00 PM, 0
01/09/2024 12:00 AM, 0
01/09/2024  1:00 AM, 5
01/09/2024  2:00 AM, 2.0005
01/09/2024  3:00 AM, 0
01/09/2024  4:00 AM, 5
01/09/2024  5:00 AM, 0
01/09/2024  6:00 AM, 0
01/09/2024  7:00 AM, 0
01/09/2024  8:00 AM, 0
01/09/2024  9:00 AM, 5
01/09/2024 10:00 AM, 5
01/09/2024 11:00 AM, 5
01/09/2024 12:00 PM, 5
01/09/2024  1:00 PM, 5
01/09/2024  2:00 PM, 5
01/09/2024  3:00 PM, 0
01/09/2024  4:00 PM, 0
01/09/2024  5:00 PM, 0
01/09/2024  6:00 PM, 0
01/09/2024  7:00 PM, 0
01/09/2024  8:00 PM, 0
01/09/2024  9:00 PM, 0
01/09/2024 10:00 PM, 0
01/09/2024 11:00 PM, 0
01/10/2024 12:00 AM, 0
01/10/2024  1:00 AM, 0
01/10/2024  2:00 AM, 0
01/10/2024  3:00 AM, 0
01/10/2024  4:00 AM, 0
01/10/2024  5:00 AM, 0
01/10/2024  6:00 AM, 0
01/10/2024  7:00 AM, 0
01/10/2024  8:00 AM, 0
01/10/2024  9:00 AM, 0
01/10/2024 10:00 AM, 5
01/10/2024 11:00 AM, 5
01/10/2024 12:00 PM, 5
01/10/2024  1:00 PM, 5
01/10/2024  2:00 PM, 5
01/10/2024  3:00 PM, 0
01/10/2024  4:00 PM, 0
01/10/2024  5:00 PM, 0
01/10/2024  6:00 PM, 0
01/10/2024  7:00 PM, 0
01/10/2024  8:00 PM, 0
01/10/2024  9:00 PM, 0
01/10/2024 10:00 PM, 0
01/10/2024 11:00 PM, 0
01/11/2024 12:00 AM, 0
01/11/2024  1:00 AM, 0
01/11/2024  2:00 AM, 0
01/11/2024  3:00 AM, 0
01/11/2024  4:00 AM, 0
01/11/2024  5:00 AM, 0
01/11/2024  6:00 AM, 0
01/11/2024  7:00 AM, 0
01/11/2024  8:00 AM, 5
01/11/2024  9:00 AM, 5
01/11/2024 10:00 AM, 2.0005
01/11/2024 11:00 AM, 0
01/11/2024 12:00 PM, 0
01/11/2024  1:00 PM, 0
01/11/2024  2:00 PM, 0
01/11/2024  3:00 PM, 0
01/11/2024  4:00 PM, 0
01/11/2024  5:00 PM, 0
01/11/2024  6:00 PM, 0
01/11/2024  7:00 PM, 0
01/11/2024  8:00 PM, 0
01/11/2024  9:00 PM, 0
01/11/2024 10:00 PM, 0
01/11/2024 11:00 PM, 0
01/12/2024 12:00 AM, 0
01/12/2024  1:00 AM, 0
01/12/2024  2:00 AM, 0
01/12/2024  3:00 AM, 0
01/12/2024  4:00 AM, 0
01/12/2024  5:00 AM, 0
01/12/2024  6:00 AM, 0
01/12/2024  7:00 AM, 1.0015
01/12/2024  8:00 AM, 5
01/12/2024  9:00 AM, 5
01/12/2024 10:00 AM, 5
01/12/2024 11:00 AM, 5
01/12/2024 12:00 PM, 5
01/12/2024  1:00 PM, 5
01/12/2024  2:00 PM, 5
01/12/2024  3:00 PM, 0
01/12/2024  4:00 PM, 0
01/12/2024  5:00 PM, 0
01/12/2024  6:00 PM, 0
01/12/2024  7:00 PM, 0
01/12/2024  8:00 PM, 0
01/12/2024  9:00 PM, 0
01/12/2024 10:00 PM, 0
01/12/2024 11:00 PM, 0
01/13/2024 12:00 AM, 5
01/13/2024  1:00 AM, 0
01/13/2024  2:00 AM, 2.0005
01/13/2024  3:00 AM, 5
01/13/2024  4:00 AM, 0
01/13/2024  5:00 AM, 0
01/13/2024  6:00 AM, 0
01/13/2024  7:00 AM, 0
01/13/2024  8:00 AM, 0.0012
01/13/2024  9:00 AM, 5
01/13/2024 10:00 AM, 5
01/13/2024 11:00 AM, 5
01/13/2024 12:00 PM, 5
01/13/2024  1:00 PM, 5
01/13/2024  2:00 PM, 5
01/13/2024  3:00 PM, 0
01/13/2024  4:00 PM, 0
01/13/2024  5:00 PM, 0
01/13/2024  6:00 PM, 0
01/13/2024  7:00 PM, 0
01/13/2024  8:00 PM, 0
01/13/2024  9:00 PM, 0
01/13/2024 10:00 PM, 0
01/13/2024 11:00 PM, 0
01/14/2024 12:00 AM, 5
01/14/2024  1:00 AM, 0
01/14/2024  2:00 AM, 5
01/14/2024  3:00 AM, 5
01/14/2024  4:00 AM, 0
01/14/2024  5:00 AM, 0
01/14/2024  6:00 AM, 0
01/14/2024  7:00 AM, 0
01/14/2024  8:00 AM, 3.0019
01/14/2024  9:00 AM, 5
01/14/2024 10:00 AM, 5
01/14/2024 11:00 AM, 5
01/14/2024 12:00 PM, 5
01/14/2024  1:00 PM, 5
01/14/2024  2:00 PM, 5
01/14/2024  3:00 PM, 0
01/14/2024  4:00 PM, 0
01/14/2024  5:00 PM, 0
01/14/2024  6:00 PM, 0
01/14/2024  7:00 PM, 0
01/14/2024  8:00 PM, 0
01/14/2024  9:00 PM, 0
01/14/2024 10:00 PM, 0
01/14/2024 11:00 PM, 0
01/15/2024 12:00 AM, 0
01/15/2024  1:00 AM, 0
01/15/2024  2:00 AM, 0
01/15/2024  3:00 AM, 5
01/15/2024  4:00 AM, 5
01/15/2024  5:00 AM, 0
01/15/2024  6:00 AM, 0
01/15/2024  7:00 AM, 0
01/15/2024  8:00 AM, 1.0015
01/15/2024  9:00 AM, 5
01/15/2024 10:00 AM, 5
01/15/2024 11:00 AM, 5
01/15/2024 12:00 PM, 5
01/15/2024  1:00 PM, 5
01/15/2024  2:00 PM, 0
01/15/2024  3:00 PM, 0
01/15/2024  4:00 PM, 0
01/15/2024  5:00 PM, 0
01/15/2024  6:00 PM, 0
01/15/2024  7:00 PM, 0
01/15/2024  8:00 PM, 0
01/15/2024  9:00 PM, 0
01/15/2024 10:00 PM, 0
01/15/2024 11:00 PM, 0
01/16/2024 12:00 AM, 0
01/16/2024  1:00 AM, 5
01/16/2024  2:00 AM, 5
01/16/2024  3:00 AM, 2.0017
01/16/2024  4:00 AM, 5
01/16/2024  5:00 AM, 0
01/16/2024  6:00 AM, 0
01/16/2024  7:00 AM, 0
01/16/2024  8:00 AM, 5
01/16/2024  9:00 AM, 5
01/16/2024 10:00 AM, 5
01/16/2024 11:00 AM, 5
01/16/2024 12:00 PM, 5
01/16/2024  1:00 PM, 0
01/16/2024  2:00 PM, 0
01/16/2024  3:00 PM, 0
01/16/2024  4:00 PM, 0
01/16/2024  5:00 PM, 0
01/16/2024  6:00 PM, 0
01/16/2024  7:00 PM, 0
01/16/2024  8:00 PM, 0
01/16/2024  9:00 PM, 0
01/16/2024 10:00 PM, 0
01/16/2024 11:00 PM, 0
01/17/2024 12:00 AM, 5
01/17/2024  1:00 AM, 5
01/17/2024  2:00 AM, 2.0005
01/17/2024  3:00 AM, 0
01/17/2024  4:00 AM, 0
01/17/2024  5:00 AM, 0
01/17/2024  6:00 AM, 0
01/17/2024  7:00 AM, 0
01/17/2024  8:00 AM, 5
01/17/2024  9:00 AM, 5
01/17/2024 10:00 AM, 5
01/17/2024 11:00 AM, 5
01/17/2024 12:00 PM, 5
01/17/2024  1:00 PM, 5
01/17/2024  2:00 PM, 5
01/17/2024  3:00 PM, 0
01/17/2024  4:00 PM, 0
01/17/2024  5:00 PM, 0
01/17/2024  6:00 PM, 0
01/17/2024  7:00 PM, 0
01/17/2024  8:00 PM, 0
01/17/2024  9:00 PM, 0
01/17/2024 10:00 PM, 0
01/17/2024 11:00 PM, 0
01/18/2024 12:00 AM, 1.0015
01/18/2024  1:00 AM, 0
01/18/2024  2:00 AM, 0
01/18/2024  3:00 AM, 0
01/18/2024  4:00 AM, 0
01/18/2024  5:00 AM, 0
01/18/2024  6:00 AM, 0
01/18/2024  7:00 AM, 0
01/18/2024  8:00 AM, 5
01/18/2024  9:00 AM, 5
01/18/2024 10:00 AM, 5
01/18/2024 11:00 AM, 5
01/18/2024 12:00 PM, 5
01/18/2024  1:00 PM, 5
01/18/2024  2:00 PM, 5
01/18/2024  3:00 PM, 0
01/18/2024  4:00 PM, 0
01/18/2024  5:00 PM, 0
01/18/2024  6:00 PM, 0
01/18/2024  7:00 PM, 0
01/18/2024  8:00 PM, 0
01/18/2024  9:00 PM, 0
01/18/2024 10:00 PM, 0
01/18/2024 11:00 PM, 0
01/19/2024 12:00 AM, 0
01/19/2024  1:00 AM, 0
01/19/2024  2:00 AM, 0
01/19/2024  3:00 AM, 0
01/19/2024  4:00 AM, 0
01/19/2024  5:00 AM, 0
01/19/2024  6:00 AM, 0
01/19/2024  7:00 AM, 0
01/19/2024  8:00 AM, 5
01/19/2024  9:00 AM, 5
01/19/2024 10:00 AM, 5
01/19/2024 11:00 AM, 5
01/19/2024 12:00 PM, 5
01/19/2024  1:00 PM, 5
01/19/2024  2:00 PM, 5
01/19/2024  3:00 PM, 0
01/19/2024  4:00 PM, 0
01/19/2024  5:00 PM, 0
01/19/2024  6:00 PM, 0
01/19/2024  7:00 PM, 0
01/19/2024  8:00 PM, 0
01/19/2024  9:00 PM, 0
01/19/2024 10:00 PM, 0
01/19/2024 11:00 PM, 0
01/20/2024 12:00 AM, 0
01/20/2024  1:00 AM, 5
01/20/2024  2:00 AM, 5
01/20/2024  3:00 AM, 3.0019
01/20/2024  4:00 AM, 0
01/20/2024  5:00 AM, 0
01/20/2024  6:00 AM, 0
01/20/2024  7:00 AM, 0
01/20/2024  8:00 AM, 5
01/20/2024  9:00 AM, 5
01/20/2024 10:00 AM, 5
01/20/2024 11:00 AM, 5
01/20/2024 12:00 PM, 5
01/20/2024  1:00 PM, 5
01/20/2024  2:00 PM, 5
01/20/2024  3:00 PM, 0
01/20/2024  4:00 PM, 0
01/20/2024  5:00 PM, 0
01/20/2024  6:00 PM, 0
01/20/2024  7:00 PM, 0
01/20/2024  8:00 PM, 0
01/20/2024  9:00 PM, 0
01/20/2024 10:00 PM, 0
01/20/2024 11:00 PM, 0
01/21/2024 12:00 AM, 5
01/21/2024  1:00 AM, 5
01/21/2024  2:00 AM, 2.0005
01/21/2024  3:00 AM, 0
01/21/2024  4:00 AM, 0
01/21/2024  5:00 AM, 0
01/21/2024  6:00 AM, 0
01/21/2024  7:00 AM, 0
01/21/2024  8:00 AM, 0
01/21/2024  9:00 AM, 5
01/21/2024 10:00 AM, 5
01/21/2024 11:00 AM, 5
01/21/2024 12:00 PM, 5
01/21/2024  1:00 PM, 5
01/21/2024  2:00 PM, 5
01/21/2024  3:00 PM, 0
01/21/2024  4:00 PM, 0
01/21/2024  5:00 PM, 0
01/21/2024  6:00 PM, 0
01/21/2024  7:00 PM, 0
01/21/2024  8:00 PM, 0
01/21/2024  9:00 PM, 0
01/21/2024 10:00 PM, 0
01/21/2024 11:00 PM, 0
01/22/2024 12:00 AM, 0
01/22/2024  1:00 AM, 0
01/22/2024  2:00 AM, 0
01/22/2024  3:00 AM, 0
01/22/2024  4:00 AM, 0
01/22/2024  5:00 AM, 0
01/22/2024  6:00 AM, 0
01/22/2024  7:00 AM, 0
01/22/2024  8:00 AM, 0
01/22/2024  9:00 AM, 0
01/22/2024 10:00 AM, 5
01/22/2024 11:00 AM, 5
01/22/2024 12:00 PM, 5
01/22/2024  1:00 PM, 5
01/22/2024  2:00 PM, 5
01/22/2024  3:00 PM, 0
01/22/2024  4:00 PM, 0
01/22/2024  5:00 PM, 0
01/22/2024  6:00 PM, 0
01/22/2024  7:00 PM, 0
01/22/2024  8:00 PM, 0
01/22/2024  9:00 PM, 0
01/22/2024 10:00 PM, 0
01/22/2024 11:00 PM, 0
01/23/2024 12:00 AM, 1.0003
01/23/2024  1:00 AM, 5
01/23/2024  2:00 AM, 0
01/23/2024  3:00 AM, 0
01/23/2024  4:00 AM, 0
01/23/2024  5:00 AM, 0
01/23/2024  6:00 AM, 0
01/23/2024  7:00 AM, 0
01/23/2024  8:00 AM, 0
01/23/2024  9:00 AM, 0
01/23/2024 10:00 AM, 5
01/23/2024 11:00 AM, 5
01/23/2024 12:00 PM, 5
01/23/2024  1:00 PM, 5
01/23/2024  2:00 PM, 5
01/23/2024  3:00 PM, 0
01/23/2024  4:00 PM, 0
01/23/2024  5:00 PM, 0
01/23/2024  6:00 PM, 0
01/23/2024  7:00 PM, 0
01/23/2024  8:00 PM, 0
01/23/2024  9:00 PM, 0
01/23/2024 10:00 PM, 0
01/23/2024 11:00 PM, 0
01/24/2024 12:00 AM, 0
01/24/2024  1:00 AM, 2.0005
01/24/2024  2:00 AM, 5
01/24/2024  3:00 AM, 5
01/24/2024  4:00 AM, 0
01/24/2024  5:00 AM, 0
01/24/2024  6:00 AM, 0
01/24/2024  7:00 AM, 0
01/24/2024  8:00 AM, 5
01/24/2024  9:00 AM, 5
01/24/2024 10:00 AM, 5
01/24/2024 11:00 AM, 5
01/24/2024 12:00 PM, 5
01/24/2024  1:00 PM, 5
01/24/2024  2:00 PM, 5
01/24/2024  3:00 PM, 0
01/24/2024  4:00 PM, 0
01/24/2024  5:00 PM, 0
01/24/2024  6:00 PM, 0
01/24/2024  7:00 PM, 0
01/24/2024  8:00 PM, 0
01/24/2024  9:00 PM, 0
01/24/2024 10:00 PM, 0
01/24/2024 11:00 PM, 0
01/25/2024 12:00 AM, 0
01/25/2024  1:00 AM, 5
01/25/2024  2:00 AM, 0
01/25/2024  3:00 AM, 1.0003
01/25/2024  4:00 AM, 0
01/25/2024  5:00 AM, 0
01/25/2024  6:00 AM, 0
01/25/2024  7:00 AM, 0
01/25/2024  8:00 AM, 0
01/25/2024  9:00 AM, 0
01/25/2024 10:00 AM, 5
01/25/2024 11:00 AM, 5
01/25/2024 12:00 PM, 5
01/25/2024  1:00 PM, 5
01/25/2024  2:00 PM, 0
01/25/2024  3:00 PM, 0
01/25/2024  4:00 PM, 0
01/25/2024  5:00 PM, 0
01/25/2024  6:00 PM, 0
01/25/2024  7:00 PM, 0
01/25/2024  8:00 PM, 0
01/25/2024  9:00 PM, 0
01/25/2024 10:00 PM, 0
01/25/2024 11:00 PM, 0
01/26/2024 12:00 AM, 0
01/26/2024  1:00 AM, 0
01/26/2024  2:00 AM, 0
01/26/2024  3:00 AM, 0
01/26/2024  4:00 AM, 0
01/26/2024  5:00 AM, 0
01/26/2024  6:00 AM, 0
01/26/2024  7:00 AM, 0
01/26/2024  8:00 AM, 5
01/26/2024  9:00 AM, 5
01/26/2024 10:00 AM, 5
01/26/2024 11:00 AM, 5
01/26/2024 12:00 PM, 5
01/26/2024  1:00 PM, 5
01/26/2024  2:00 PM, 5
01/26/2024  3:00 PM, 0
01/26/2024  4:00 PM, 0
01/26/2024  5:00 PM, 0
01/26/2024  6:00 PM, 0
01/26/2024  7:00 PM, 0
01/26/2024  8:00 PM, 0
01/26/2024  9:00 PM, 0
01/26/2024 10:00 PM, 0
01/26/2024 11:00 PM, 0
01/27/2024 12:00 AM, 5
01/27/2024  1:00 AM, 5
01/27/2024  2:00 AM, 2.0017
01/27/2024  3:00 AM, 0
01/27/2024  4:00 AM, 0
01/27/2024  5:00 AM, 0
01/27/2024  6:00 AM, 0
01/27/2024  7:00 AM, 0
01/27/2024  8:00 AM, 0
01/27/2024  9:00 AM, 5
01/27/2024 10:00 AM, 5
01/27/2024 11:00 AM, 5
01/27/2024 12:00 PM, 5
01/27/2024  1:00 PM, 5
01/27/2024  2:00 PM, 5
01/27/2024  3:00 PM, 0
01/27/2024  4:00 PM, 0
01/27/2024  5:00 PM, 0
01/27/2024  6:00 PM, 0
01/27/2024  7:00 PM, 0
01/27/2024  8:00 PM, 0
01/27/2024  9:00 PM, 0
01/27/2024 10:00 PM, 0
01/27/2024 11:00 PM, 0
01/28/2024 12:00 AM, 5
01/28/2024  1:00 AM, 5
01/28/2024  2:00 AM, 2.0005
01/28/2024  3:00 AM, 0
01/28/2024  4:00 AM, 0
01/28/2024  5:00 AM, 0
01/28/2024  6:00 AM, 0
01/28/2024  7:00 AM, 0
01/28/2024  8:00 AM, 0
01/28/2024  9:00 AM, 5
01/28/2024 10:00 AM, 5
01/28/2024 11:00 AM, 5
01/28/2024 12:00 PM, 5
01/28/2024  1:00 PM, 5
01/28/2024  2:00 PM, 0
01/28/2024  3:00 PM, 0
01/28/2024  4:00 PM, 0
01/28/2024  5:00 PM, 0
01/28/2024  6:00 PM, 0
01/28/2024  7:00 PM, 0
01/28/2024  8:00 PM, 0
01/28/2024  9:00 PM, 0
01/28/2024 10:00 PM, 0
01/28/2024 11:00 PM, 0
01/29/2024 12:00 AM, 5
01/29/2024  1:00 AM, 2.0005
01/29/2024  2:00 AM, 0
01/29/2024  3:00 AM, 5
01/29/2024  4:00 AM, 0
01/29/2024  5:00 AM, 0
01/29/2024  6:00 AM, 0
01/29/2024  7:00 AM, 0
01/29/2024  8:00 AM, 0
01/29/2024  9:00 AM, 0
01/29/2024 10:00 AM, 5
01/29/2024 11:00 AM, 5
01/29/2024 12:00 PM, 5
01/29/2024  1:00 PM, 5
01/29/2024  2:00 PM, 4.001
01/29/2024  3:00 PM, 0
01/29/2024  4:00 PM, 0
01/29/2024  5:00 PM, 0
01/29/2024  6:00 PM, 0
01/29/2024  7:00 PM, 0
01/29/2024  8:00 PM, 0
01/29/2024  9:00 PM, 0
01/29/2024 10:00 PM, 0
01/29/2024 11:00 PM, 0
01/30/2024 12:00 AM, 5
01/30/2024  1:00 AM, 0
01/30/2024  2:00 AM, 5
01/30/2024  3:00 AM, 5
01/30/2024  4:00 AM, 5
01/30/2024  5:00 AM, 0
01/30/2024  6:00 AM, 0
01/30/2024  7:00 AM, 0
01/30/2024  8:00 AM, 0
01/30/2024  9:00 AM, 0
01/30/2024 10:00 AM, 5
01/30/2024 11:00 AM, 5
01/30/2024 12:00 PM, 5
01/30/2024  1:00 PM, 5
01/30/2024  2:00 PM, 5
01/30/2024  3:00 PM, 0
01/30/2024  4:00 PM, 0
01/30/2024  5:00 PM, 0
01/30/2024  6:00 PM, 0
01/30/2024  7:00 PM, 0
01/30/2024  8:00 PM, 0
01/30/2024  9:00 PM, 0
01/30/2024 10:00 PM, 0
01/30/2024 11:00 PM, 0
01/31/2024 12:00 AM, 5
01/31/2024  1:00 AM, 0
01/31/2024  2:00 AM, 5
01/31/2024  3:00 AM, 3.0007
01/31/2024  4:00 AM, 5
01/31/2024  5:00 AM, 0
01/31/2024  6:00 AM, 0
01/31/2024  7:00 AM, 0
01/31/2024  8:00 AM, 0
01/31/2024  9:00 AM, 5
01/31/2024 10:00 AM, 5
01/31/2024 11:00 AM, 5
01/31/2024 12:00 PM, 5
01/31/2024  1:00 PM, 5
01/31/2024  2:00 PM, 5
01/31/2024  3:00 PM, 0.0012
01/31/2024  4:00 PM, 0
01/31/2024  5:00 PM, 0
01/31/2024  6:00 PM, 0
01/31/2024  7:00 PM, 0
01/31/2024  8:00 PM, 0
01/31/2024  9:00 PM, 0
01/31/2024 10:00 PM, 0
01/31/2024 11:00 PM, 0
02/01/2024 12:00 AM, 0
02/01/2024  1:00 AM, 0
02/01/2024  2:00 AM, 0
02/01/2024  3:00 AM, 0
02/01/2024  4:00 AM, 0
02/01/2024  5:00 AM, 0
02/01/2024  6:00 AM, 0
02/01/2024  7:00 AM, 0
02/01/2024  8:00 AM, 5
02/01/2024  9:00 AM, 5
02/01/2024 10:00 AM, 5
02/01/2024 11:00 AM, 5
02/01/2024 12:00 PM, 5
02/01/2024  1:00 PM, 5
02/01/2024  2:00 PM, 5
02/01/2024  3:00 PM, 0
02/01/2024  4:00 PM, 0
02/01/2024  5:00 PM, 0
02/01/2024  6:00 PM, 0
02/01/2024  7:00 PM, 0
02/01/2024  8:00 PM, 0
02/01/2024  9:00 PM, 0
02/01/2024 10:00 PM, 0
02/01/2024 11:00 PM, 0
02/02/2024 12:00 AM, 0
02/02/2024  1:00 AM, 0
02/02/2024  2:00 AM, 0
02/02/2024  3:00 AM, 0
02/02/2024  4:00 AM, 0
02/02/2024  5:00 AM, 0
02/02/2024  6:00 AM, 0
02/02/2024  7:00 AM, 0
02/02/2024  8:00 AM, 5
02/02/2024  9:00 AM, 5
02/02/2024 10:00 AM, 5
02/02/2024 11:00 AM, 5
02/02/2024 12:00 PM, 5
02/02/2024  1:00 PM, 5
02/02/2024  2:00 PM, 5
02/02/2024  3:00 PM, 1.0015
02/02/2024  4:00 PM, 0
02/02/2024  5:00 PM, 0
02/02/2024  6:00 PM, 0
02/02/2024  7:00 PM, 0
02/02/2024  8:00 PM, 0
02/02/2024  9:00 PM, 0
02/02/2024 10:00 PM, 0
02/02/2024 11:00 PM, 0
02/03/2024 12:00 AM, 0
02/03/2024  1:00 AM, 1.0003
02/03/2024  2:00 AM, 5
02/03/2024  3:00 AM, 0
02/03/2024  4:00 AM, 0
02/03/2024  5:00 AM, 0
02/03/2024  6:00 AM, 0
02/03/2024  7:00 AM, 0
02/03/2024  8:00 AM, 0
02/03/2024  9:00 AM, 5
02/03/2024 10:00 AM, 5
02/03/2024 11:00 AM, 5
02/03/2024 12:00 PM, 5
02/03/2024  1:00 PM, 5
02/03/2024  2:00 PM, 0
02/03/2024  3:00 PM, 0
02/03/2024  4:00 PM, 0
02/03/2024  5:00 PM, 0
02/03/2024  6:00 PM, 0
02/03/2024  7:00 PM, 0
02/03/2024  8:00 PM, 0
02/03/2024  9:00 PM, 0
02/03/2024 10:00 PM, 0
02/03/2024 11:00 PM, 0
02/04/2024 12:00 AM, 0
02/04/2024  1:00 AM, 2.0017
02/04/2024  2:00 AM, 5
02/04/2024  3:00 AM, 5
02/04/2024  4:00 AM, 0
02/04/2024  5:00 AM, 0
02/04/2024  6:00 AM, 0
02/04/2024  7:00 AM, 0
02/04/2024  8:00 AM, 0
02/04/2024  9:00 AM, 5
02/04/2024 10:00 AM, 5
02/04/2024 11:00 AM, 5
02/04/2024 12:00 PM, 5
02/04/2024  1:00 PM, 5
02/04/2024  2:00 PM, 5
02/04/2024  3:00 PM, 0
02/04/2024  4:00 PM, 0
02/04/2024  5:00 PM, 0
02/04/2024  6:00 PM, 0
02/04/2024  7:00 PM, 0
02/04/2024  8:00 PM, 0
02/04/2024  9:00 PM, 0
02/04/2024 10:00 PM, 0
02/04/2024 11:00 PM, 0
02/05/2024 12:00 AM, 0
02/05/2024  1:00 AM, 1.0003
02/05/2024  2:00 AM, 5
02/05/2024  3:00 AM, 0
02/05/2024  4:00 AM, 0
02/05/2024  5:00 AM, 0
02/05/2024  6:00 AM, 0
02/05/2024  7:00 AM, 0
02/05/2024  8:00 AM, 0
02/05/2024  9:00 AM, 5
02/05/2024 10:00 AM, 5
02/05/2024 11:00 AM, 5
02/05/2024 12:00 PM, 5
02/05/2024  1:00 PM, 5
02/05/2024  2:00 PM, 5
02/05/2024  3:00 PM, 0
02/05/2024  4:00 PM, 0
02/05/2024  5:00 PM, 0
02/05/2024  6:00 PM, 0
02/05/2024  7:00 PM, 0
02/05/2024  8:00 PM, 0
02/05/2024  9:00 PM, 0
02/05/2024 10:00 PM, 0
02/05/2024 11:00 PM, 0
02/06/2024 12:00 AM, 0
02/06/2024  1:00 AM, 1.0015
02/06/2024  2:00 AM, 5
02/06/2024  3:00 AM, 0
02/06/2024  4:00 AM, 0
02/06/2024  5:00 AM, 0
02/06/2024  6:00 AM, 0
02/06/2024  7:00 AM, 0
02/06/2024  8:00 AM, 0
02/06/2024  9:00 AM, 5
02/06/2024 10:00 AM, 5
02/06/2024 11:00 AM, 5
02/06/2024 12:00 PM, 5
02/06/2024  1:00 PM, 5
02/06/2024  2:00 PM, 5
02/06/2024  3:00 PM, 0
02/06/2024  4:00 PM, 0
02/06/2024  5:00 PM, 0
02/06/2024  6:00 PM, 0
02/06/2024  7:00 PM, 0
02/06/2024  8:00 PM, 0
02/06/2024  9:00 PM, 0
02/06/2024 10:00 PM, 0
02/06/2024 11:00 PM, 0
02/07/2024 12:00 AM, 0
02/07/2024  1:00 AM, 0
02/07/2024  2:00 AM, 0
02/07/2024  3:00 AM, 0
02/07/2024  4:00 AM, 0
02/07/2024  5:00 AM, 0
02/07/2024  6:00 AM, 0
02/07/2024  7:00 AM, 5
02/07/2024  8:00 AM, 1.0015
02/07/2024  9:00 AM, 5
02/07/2024 10:00 AM, 5
02/07/2024 11:00 AM, 5
02/07/2024 12:00 PM, 5
02/07/2024  1:00 PM, 5
02/07/2024  2:00 PM, 5
02/07/2024  3:00 PM, 0
02/07/2024  4:00 PM, 0
02/07/2024  5:00 PM, 0
02/07/2024  6:00 PM, 0
02/07/2024  7:00 PM, 0
02/07/2024  8:00 PM, 0
02/07/2024  9:00 PM, 0
02/07/2024 10:00 PM, 0
02/07/2024 11:00 PM, 0
02/08/2024 12:00 AM, 0
02/08/2024  1:00 AM, 0
02/08/2024  2:00 AM, 0
02/08/2024  3:00 AM, 0
02/08/2024  4:00 AM, 0
02/08/2024  5:00 AM, 0
02/08/2024  6:00 AM, 0
02/08/2024  7:00 AM, 0
02/08/2024  8:00 AM, 1.0015
02/08/2024  9:00 AM, 5
02/08/2024 10:00 AM, 5
02/08/2024 11:00 AM, 5
02/08/2024 12:00 PM, 5
02/08/2024  1:00 PM, 5
02/08/2024  2:00 PM, 5
02/08/2024  3:00 PM, 5
02/08/2024  4:00 PM, 0
02/08/2024  5:00 PM, 0
02/08/2024  6:00 PM, 0
02/08/2024  7:00 PM, 0
02/08/2024  8:00 PM, 0
02/08/2024  9:00 PM, 0
02/08/2024 10:00 PM, 0
02/08/2024 11:00 PM, 0
02/09/2024 12:00 AM, 0
02/09/2024  1:00 AM, 0
02/09/2024  2:00 AM, 0
02/09/2024  3:00 AM, 0
02/09/2024  4:00 AM, 0
02/09/2024  5:00 AM, 0
02/09/2024  6:00 AM, 0
02/09/2024  7:00 AM, 0
02/09/2024  8:00 AM, 5
02/09/2024  9:00 AM, 5
02/09/2024 10:00 AM, 5
02/09/2024 11:00 AM, 5
02/09/2024 12:00 PM, 5
02/09/2024  1:00 PM, 5
02/09/2024  2:00 PM, 5
02/09/2024  3:00 PM, 1.0015
02/09/2024  4:00 PM, 0
02/09/2024  5:00 PM, 0
02/09/2024  6:00 PM, 0
02/09/2024  7:00 PM, 0
02/09/2024  8:00 PM, 0
02/09/2024  9:00 PM, 0
02/09/2024 10:00 PM, 0
02/09/2024 11:00 PM, 0
02/10/2024 12:00 AM, 0
02/10/2024  1:00 AM, 0
02/10/2024  2:00 AM, 1.0003
02/10/2024  3:00 AM, 0
02/10/2024  4:00 AM, 5
02/10/2024  5:00 AM, 0
02/10/2024  6:00 AM, 0
02/10/2024  7:00 AM, 0
02/10/2024  8:00 AM, 0
02/10/2024  9:00 AM, 5
02/10/2024 10:00 AM, 5
02/10/2024 11:00 AM, 5
02/10/2024 12:00 PM, 5
02/10/2024  1:00 PM, 5
02/10/2024  2:00 PM, 0
02/10/2024  3:00 PM, 0
02/10/2024  4:00 PM, 0
02/10/2024  5:00 PM, 0
02/10/2024  6:00 PM, 0
02/10/2024  7:00 PM, 0
02/10/2024  8:00 PM, 0
02/10/2024  9:00 PM, 0
02/10/2024 10:00 PM, 0
02/10/2024 11:00 PM, 0
02/11/2024 12:00 AM, 5
02/11/2024  1:00 AM, 2.0005
02/11/2024  2:00 AM, 0
02/11/2024  3:00 AM, 0
02/11/2024  4:00 AM, 5
02/11/2024  5:00 AM, 0
02/11/2024  6:00 AM, 0
02/11/2024  7:00 AM, 0
02/11/2024  8:00 AM, 0
02/11/2024  9:00 AM, 5
02/11/2024 10:00 AM, 5
02/11/2024 11:00 AM, 5
02/11/2024 12:00 PM, 5
02/11/2024  1:00 PM, 5
02/11/2024  2:00 PM, 5
02/11/2024  3:00 PM, 0.0012
02/11/2024  4:00 PM, 0
02/11/2024  5:00 PM, 0
02/11/2024  6:00 PM, 0
02/11/2024  7:00 PM, 0
02/11/2024  8:00 PM, 0
02/11/2024  9:00 PM, 0
02/11/2024 10:00 PM, 0
02/11/2024 11:00 PM, 0
02/12/2024 12:00 AM, 0
02/12/2024  1:00 AM, 5
02/12/2024  2:00 AM, 5
02/12/2024  3:00 AM, 2.0005
02/12/2024  4:00 AM, 0
02/12/2024  5:00 AM, 0
02/12/2024  6:00 AM, 0
02/12/2024  7:00 AM, 0
02/12/2024  8:00 AM, 5
02/12/2024  9:00 AM, 5
02/12/2024 10:00 AM, 5
02/12/2024 11:00 AM, 5
02/12/2024 12:00 PM, 5
02/12/2024  1:00 PM, 5
02/12/2024  2:00 PM, 5
02/12/2024  3:00 PM, 1.0015
02/12/2024  4:00 PM, 0
02/12/2024  5:00 PM, 0
02/12/2024  6:00 PM, 0
02/12/2024  7:00 PM, 0
02/12/2024  8:00 PM, 0
02/12/2024  9:00 PM, 0
02/12/2024 10:00 PM, 0
02/12/2024 11:00 PM, 0
02/13/2024 12:00 AM, 5
02/13/2024  1:00 AM, 2.0005
02/13/2024  2:00 AM, 0
02/13/2024  3:00 AM, 5
02/13/2024  4:00 AM, 0
02/13/2024  5:00 AM, 0
02/13/2024  6:00 AM, 0
02/13/2024  7:00 AM, 0
02/13/2024  8:00 AM, 5
02/13/2024  9:00 AM, 5
02/13/2024 10:00 AM, 5
02/13/2024 11:00 AM, 5
02/13/2024 12:00 PM, 5
02/13/2024  1:00 PM, 5
02/13/2024  2:00 PM, 0
02/13/2024  3:00 PM, 0
02/13/2024  4:00 PM, 0
02/13/2024  5:00 PM, 0
02/13/2024  6:00 PM, 0
02/13/2024  7:00 PM, 0
02/13/2024  8:00 PM, 0
02/13/2024  9:00 PM, 0
02/13/2024 10:00 PM, 0
02/13/2024 11:00 PM, 0
02/14/2024 12:00 AM, 0
02/14/2024  1:00 AM, 0
02/14/2024  2:00 AM, 0
02/14/2024  3:00 AM, 0
02/14/2024  4:00 AM, 0
02/14/2024  5:00 AM, 0
02/14/2024  6:00 AM, 0
02/14/2024  7:00 AM, 0
02/14/2024  8:00 AM, 5
02/14/2024  9:00 AM, 5
02/14/2024 10:00 AM, 5
02/14/2024 11:00 AM, 5
02/14/2024 12:00 PM, 5
02/14/2024  1:00 PM, 5
02/14/2024  2:00 PM, 5
02/14/2024  3:00 PM, 1.0015
02/14/2024  4:00 PM, 0
02/14/2024  5:00 PM, 0
02/14/2024  6:00 PM, 0
02/14/2024  7:00 PM, 0
02/14/2024  8:00 PM, 0
02/14/2024  9:00 PM, 0
02/14/2024 10:00 PM, 0
02/14/2024 11:00 PM, 0
02/15/2024 12:00 AM, 0
02/15/2024  1:00 AM, 0
02/15/2024  2:00 AM, 0
02/15/2024  3:00 AM, 0
02/15/2024  4:00 AM, 0
02/15/2024  5:00 AM, 0
02/15/2024  6:00 AM, 0
02/15/2024  7:00 AM, 0
02/15/2024  8:00 AM, 1.0015
02/15/2024  9:00 AM, 5
02/15/2024 10:00 AM, 5
02/15/2024 11:00 AM, 5
02/15/2024 12:00 PM, 5
02/15/2024  1:00 PM, 5
02/15/2024  2:00 PM, 5
02/15/2024  3:00 PM, 5
02/15/2024  4:00 PM, 0
02/15/2024  5:00 PM, 0
02/15/2024  6:00 PM, 0
02/15/2024  7:00 PM, 0
02/15/2024  8:00 PM, 0
02/15/2024  9:00 PM, 0
02/15/2024 10:00 PM, 0
02/15/2024 11:00 PM, 0
02/16/2024 12:00 AM, 0
02/16/2024  1:00 AM, 0
02/16/2024  2:00 AM, 0
02/16/2024  3:00 AM, 0
02/16/2024  4:00 AM, 0
02/16/2024  5:00 AM, 0
02/16/2024  6:00 AM, 0
02/16/2024  7:00 AM, 0
02/16/2024  8:00 AM, 5
02/16/2024  9:00 AM, 5
02/16/2024 10:00 AM, 5
02/16/2024 11:00 AM, 5
02/16/2024 12:00 PM, 5
02/16/2024  1:00 PM, 5
02/16/2024  2:00 PM, 5
02/16/2024  3:00 PM, 1.0015
02/16/2024  4:00 PM, 0
02/16/2024  5:00 PM, 0
02/16/2024  6:00 PM, 0
02/16/2024  7:00 PM, 0
02/16/2024  8:00 PM, 0
02/16/2024  9:00 PM, 0
02/16/2024 10:00 PM, 0
02/16/2024 11:00 PM, 0
02/17/2024 12:00 AM, 5
02/17/2024  1:00 AM, 5
02/17/2024  2:00 AM, 2.0005
02/17/2024  3:00 AM, 0
02/17/2024  4:00 AM, 0
02/17/2024  5:00 AM, 0
02/17/2024  6:00 AM, 0
02/17/2024  7:00 AM, 0
02/17/2024  8:00 AM, 5
02/17/2024  9:00 AM, 5
02/17/2024 10:00 AM, 5
02/17/2024 11:00 AM, 5
02/17/2024 12:00 PM, 5
02/17/2024  1:00 PM, 5
02/17/2024  2:00 PM, 5
02/17/2024  3:00 PM, 1.0015
02/17/2024  4:00 PM, 0
02/17/2024  5:00 PM, 0
02/17/2024  6:00 PM, 0
02/17/2024  7:00 PM, 0
02/17/2024  8:00 PM, 0
02/17/2024  9:00 PM, 0
02/17/2024 10:00 PM, 0
02/17/2024 11:00 PM, 0
02/18/2024 12:00 AM, 0
02/18/2024  1:00 AM, 0
02/18/2024  2:00 AM, 0
02/18/2024  3:00 AM, 5
02/18/2024  4:00 AM, 1.0003
02/18/2024  5:00 AM, 0
02/18/2024  6:00 AM, 0
02/18/2024  7:00 AM, 0
02/18/2024  8:00 AM, 5
02/18/2024  9:00 AM, 5
02/18/2024 10:00 AM, 5
02/18/2024 11:00 AM, 5
02/18/2024 12:00 PM, 5
02/18/2024  1:00 PM, 5
02/18/2024  2:00 PM, 5
02/18/2024  3:00 PM, 1.0015
02/18/2024  4:00 PM, 0
02/18/2024  5:00 PM, 0
02/18/2024  6:00 PM, 0
02/18/2024  7:00 PM, 0
02/18/2024  8:00 PM, 0
02/18/2024  9:00 PM, 0
02/18/2024 10:00 PM, 0
02/18/2024 11:00 PM, 0
02/19/2024 12:00 AM, 5
02/19/2024  1:00 AM, 0
02/19/2024  2:00 AM, 2.0005
02/19/2024  3:00 AM, 5
02/19/2024  4:00 AM, 0
02/19/2024  5:00 AM, 0
02/19/2024  6:00 AM, 0
02/19/2024  7:00 AM, 0
02/19/2024  8:00 AM, 0
02/19/2024  9:00 AM, 5
02/19/2024 10:00 AM, 5
02/19/2024 11:00 AM, 5
02/19/2024 12:00 PM, 5
02/19/2024  1:00 PM, 5
02/19/2024  2:00 PM, 5
02/19/2024  3:00 PM, 0
02/19/2024  4:00 PM, 0
02/19/2024  5:00 PM, 0
02/19/2024  6:00 PM, 0
02/19/2024  7:00 PM, 0
02/19/2024  8:00 PM, 0
02/19/2024  9:00 PM, 0
02/19/2024 10:00 PM, 0
02/19/2024 11:00 PM, 0
02/20/2024 12:00 AM, 5
02/20/2024  1:00 AM, 0
02/20/2024  2:00 AM, 5
02/20/2024  3:00 AM, 2.0005
02/20/2024  4:00 AM, 0
02/20/2024  5:00 AM, 0
02/20/2024  6:00 AM, 0
02/20/2024  7:00 AM, 0
02/20/2024  8:00 AM, 0.0012
02/20/2024  9:00 AM, 5
02/20/2024 10:00 AM, 5
02/20/2024 11:00 AM, 5
02/20/2024 12:00 PM, 5
02/20/2024  1:00 PM, 5
02/20/2024  2:00 PM, 5
02/20/2024  3:00 PM, 0
02/20/2024  4:00 PM, 0
02/20/2024  5:00 PM, 0
02/20/2024  6:00 PM, 0
02/20/2024  7:00 PM, 0
02/20/2024  8:00 PM, 0
02/20/2024  9:00 PM, 0
02/20/2024 10:00 PM, 0
02/20/2024 11:00 PM, 0
02/21/2024 12:00 AM, 5
02/21/2024  1:00 AM, 2.0005
02/21/2024  2:00 AM, 0
02/21/2024  3:00 AM, 5
02/21/2024  4:00 AM, 0
02/21/2024  5:00 AM, 0
02/21/2024  6:00 AM, 0
02/21/2024  7:00 AM, 0
02/21/2024  8:00 AM, 5
02/21/2024  9:00 AM, 5
02/21/2024 10:00 AM, 5
02/21/2024 11:00 AM, 5
02/21/2024 12:00 PM, 5
02/21/2024  1:00 PM, 5
02/21/2024  2:00 PM, 5
02/21/2024  3:00 PM, 0
02/21/2024  4:00 PM, 0
02/21/2024  5:00 PM, 0
02/21/2024  6:00 PM, 0
02/21/2024  7:00 PM, 0
02/21/2024  8:00 PM, 0
02/21/2024  9:00 PM, 0
02/21/2024 10:00 PM, 0
02/21/2024 11:00 PM, 0
02/22/2024 12:00 AM, 0
02/22/2024  1:00 AM, 0
02/22/2024  2:00 AM, 0
02/22/2024  3:00 AM, 0
02/22/2024  4:00 AM, 0
02/22/2024  5:00 AM, 0
02/22/2024  6:00 AM, 0
02/22/2024  7:00 AM, 5
02/22/2024  8:00 AM, 5
02/22/2024  9:00 AM, 5
02/22/2024 10:00 AM, 5
02/22/2024 11:00 AM, 5
02/22/2024 12:00 PM, 5
02/22/2024  1:00 PM, 5
02/22/2024  2:00 PM, 1.0015
02/22/2024  3:00 PM, 0
02/22/2024  4:00 PM, 0
02/22/2024  5:00 PM, 0
02/22/2024  6:00 PM, 0
02/22/2024  7:00 PM, 0
02/22/2024  8:00 PM, 0
02/22/2024  9:00 PM, 0
02/22/2024 10:00 PM, 0
02/22/2024 11:00 PM, 0
02/23/2024 12:00 AM, 0
02/23/2024  1:00 AM, 0
02/23/2024  2:00 AM, 0
02/23/2024  3:00 AM, 0
02/23/2024  4:00 AM, 0
02/23/2024  5:00 AM, 0
02/23/2024  6:00 AM, 0
02/23/2024  7:00 AM, 0
02/23/2024  8:00 AM, 5
02/23/2024  9:00 AM, 5
02/23/2024 10:00 AM, 5
02/23/2024 11:00 AM, 5
02/23/2024 12:00 PM, 5
02/23/2024  1:00 PM, 5
02/23/2024  2:00 PM, 0.0012
02/23/2024  3:00 PM, 0
02/23/2024  4:00 PM, 0
02/23/2024  5:00 PM, 0
02/23/2024  6:00 PM, 0
02/23/2024  7:00 PM, 0
02/23/2024  8:00 PM, 0
02/23/2024  9:00 PM, 0
02/23/2024 10:00 PM, 0
02/23/2024 11:00 PM, 0
02/24/2024 12:00 AM, 5
02/24/2024  1:00 AM, 5
02/24/2024  2:00 AM, 5
02/24/2024  3:00 AM, 5
02/24/2024  4:00 AM, 5
02/24/2024  5:00 AM, 5
02/24/2024  6:00 AM, 0
02/24/2024  7:00 AM, 0
02/24/2024  8:00 AM, 0
02/24/2024  9:00 AM, 5
02/24/2024 10:00 AM, 5
02/24/2024 11:00 AM, 0
02/24/2024 12:00 PM, 0
02/24/2024  1:00 PM, 0
02/24/2024  2:00 PM, 0
02/24/2024  3:00 PM, 0
02/24/2024  4:00 PM, 0
02/24/2024  5:00 PM, 0
02/24/2024  6:00 PM, 0
02/24/2024  7:00 PM, 0
02/24/2024  8:00 PM, 0
02/24/2024  9:00 PM, 0
02/24/2024 10:00 PM, 0
02/24/2024 11:00 PM, 0
02/25/2024 12:00 AM, 0
02/25/2024  1:00 AM, 5
02/25/2024  2:00 AM, 1.0003
02/25/2024  3:00 AM, 0
02/25/2024  4:00 AM, 0
02/25/2024  5:00 AM, 0
02/25/2024  6:00 AM, 0
02/25/2024  7:00 AM, 0
02/25/2024  8:00 AM, 0
02/25/2024  9:00 AM, 5
02/25/2024 10:00 AM, 5
02/25/2024 11:00 AM, 5
02/25/2024 12:00 PM, 5
02/25/2024  1:00 PM, 5
02/25/2024  2:00 PM, 5
02/25/2024  3:00 PM, 0
02/25/2024  4:00 PM, 0
02/25/2024  5:00 PM, 0
02/25/2024  6:00 PM, 0
02/25/2024  7:00 PM, 0
02/25/2024  8:00 PM, 0
02/25/2024  9:00 PM, 0
02/25/2024 10:00 PM, 0
02/25/2024 11:00 PM, 0
02/26/2024 12:00 AM, 0
02/26/2024  1:00 AM, 0
02/26/2024  2:00 AM, 5
02/26/2024  3:00 AM, 2.0017
02/26/2024  4:00 AM, 0
02/26/2024  5:00 AM, 0
02/26/2024  6:00 AM, 0
02/26/2024  7:00 AM, 0
02/26/2024  8:00 AM, 5
02/26/2024  9:00 AM, 5
02/26/2024 10:00 AM, 5
02/26/2024 11:00 AM, 5
02/26/2024 12:00 PM, 5
02/26/2024  1:00 PM, 5
02/26/2024  2:00 PM, 5
02/26/2024  3:00 PM, 0
02/26/2024  4:00 PM, 0
02/26/2024  5:00 PM, 0
02/26/2024  6:00 PM, 0
02/26/2024  7:00 PM, 0
02/26/2024  8:00 PM, 0
02/26/2024  9:00 PM, 0
02/26/2024 10:00 PM, 0
02/26/2024 11:00 PM, 0
02/27/2024 12:00 AM, 0
02/27/2024  1:00 AM, 0
02/27/2024  2:00 AM, 0
02/27/2024  3:00 AM, 0
02/27/2024  4:00 AM, 0
02/27/2024  5:00 AM, 0
02/27/2024  6:00 AM, 0
02/27/2024  7:00 AM, 0
02/27/2024  8:00 AM, 5
02/27/2024  9:00 AM, 5
02/27/2024 10:00 AM, 5
02/27/2024 11:00 AM, 5
02/27/2024 12:00 PM, 5
02/27/2024  1:00 PM, 5
02/27/2024  2:00 PM, 5
02/27/2024  3:00 PM, 0
02/27/2024  4:00 PM, 0
02/27/2024  5:00 PM, 0
02/27/2024  6:00 PM, 0
02/27/2024  7:00 PM, 0
02/27/2024  8:00 PM, 0
02/27/2024  9:00 PM, 0
02/27/2024 10:00 PM, 0
02/27/2024 11:00 PM, 0
02/28/2024 12:00 AM, 0
02/28/2024  1:00 AM, 0
02/28/2024  2:00 AM, 5
02/28/2024  3:00 AM, 5
02/28/2024  4:00 AM, 2.0005
02/28/2024  5:00 AM, 0
02/28/2024  6:00 AM, 0
02/28/2024  7:00 AM, 0
02/28/2024  8:00 AM, 5
02/28/2024  9:00 AM, 0
02/28/2024 10:00 AM, 0
02/28/2024 11:00 AM, 4.001
02/28/2024 12:00 PM, 5
02/28/2024  1:00 PM, 5
02/28/2024  2:00 PM, 5
02/28/2024  3:00 PM, 0
02/28/2024  4:00 PM, 0
02/28/2024  5:00 PM, 0
02/28/2024  6:00 PM, 0
02/28/2024  7:00 PM, 0
02/28/2024  8:00 PM, 0
02/28/2024  9:00 PM, 0
02/28/2024 10:00 PM, 0
02/28/2024 11:00 PM, 0
02/29/2024 12:00 AM, 0
02/29/2024  1:00 AM, 0
02/29/2024  2:00 AM, 0
02/29/2024  3:00 AM, 0
02/29/2024  4:00 AM, 0
02/29/2024  5:00 AM, 0
02/29/2024  6:00 AM, 0
02/29/2024  7:00 AM, 1.0015
02/29/2024  8:00 AM, 5
02/29/2024  9:00 AM, 5
02/29/2024 10:00 AM, 5
02/29/2024 11:00 AM, 5
02/29/2024 12:00 PM, 5
02/29/2024  1:00 PM, 5
02/29/2024  2:00 PM, 5
02/29/2024  3:00 PM, 0
02/29/2024  4:00 PM, 0
02/29/2024  5:00 PM, 0
02/29/2024  6:00 PM, 0
02/29/2024  7:00 PM, 0
02/29/2024  8:00 PM, 0
02/29/2024  9:00 PM, 0
02/29/2024 10:00 PM, 0
02/29/2024 11:00 PM, 0
03/01/2024 12:00 AM, 5
03/01/2024  1:00 AM, 1.0003
03/01/2024  2:00 AM, 0
03/01/2024  3:00 AM, 0
03/01/2024  4:00 AM, 0
03/01/2024  5:00 AM, 0
03/01/2024  6:00 AM, 0
03/01/2024  7:00 AM, 0
03/01/2024  8:00 AM, 2.0005
03/01/2024  9:00 AM, 0
03/01/2024 10:00 AM, 0
03/01/2024 11:00 AM, 5
03/01/2024 12:00 PM, 5
03/01/2024  1:00 PM, 0
03/01/2024  2:00 PM, 0
03/01/2024  3:00 PM, 0
03/01/2024  4:00 PM, 0
03/01/2024  5:00 PM, 0
03/01/2024  6:00 PM, 0
03/01/2024  7:00 PM, 0
03/01/2024  8:00 PM, 0
03/01/2024  9:00 PM, 0
03/01/2024 10:00 PM, 0
03/01/2024 11:00 PM, 0
03/02/2024 12:00 AM, 0
03/02/2024  1:00 AM, 0
03/02/2024  2:00 AM, 0
03/02/2024  3:00 AM, 0
03/02/2024  4:00 AM, 0
03/02/2024  5:00 AM, 0
03/02/2024  6:00 AM, 0
03/02/2024  7:00 AM, 0
03/02/2024  8:00 AM, 5
03/02/2024  9:00 AM, 0
03/02/2024 10:00 AM, 5
03/02/2024 11:00 AM, 0
03/02/2024 12:00 PM, 0
03/02/2024  1:00 PM, 0
03/02/2024  2:00 PM, 0
03/02/2024  3:00 PM, 0
03/02/2024  4:00 PM, 0
03/02/2024  5:00 PM, 0
03/02/2024  6:00 PM, 0
03/02/2024  7:00 PM, 0
03/02/2024  8:00 PM, 0
03/02/2024  9:00 PM, 0
03/02/2024 10:00 PM, 0
03/02/2024 11:00 PM, 0
03/03/2024 12:00 AM, 0
03/03/2024  1:00 AM, 0
03/03/2024  2:00 AM, 0
03/03/2024  3:00 AM, 0
03/03/2024  4:00 AM, 0
03/03/2024  5:00 AM, 0
03/03/2024  6:00 AM, 0
03/03/2024  7:00 AM, 0
03/03/2024  8:00 AM, 0
03/03/2024  9:00 AM, 0
03/03/2024 10:00 AM, 5
03/03/2024 11:00 AM, 5
03/03/2024 12:00 PM, 5
03/03/2024  1:00 PM, 5
03/03/2024  2:00 PM, 5
03/03/2024  3:00 PM, 0
03/03/2024  4:00 PM, 0
03/03/2024  5:00 PM, 0
03/03/2024  6:00 PM, 0
03/03/2024  7:00 PM, 0
03/03/2024  8:00 PM, 0
03/03/2024  9:00 PM, 0
03/03/2024 10:00 PM, 0
03/03/2024 11:00 PM, 0
03/04/2024 12:00 AM, 0
03/04/2024  1:00 AM, 0
03/04/2024  2:00 AM, 0
03/04/2024  3:00 AM, 0
03/04/2024  4:00 AM, 0
03/04/2024  5:00 AM, 0
03/04/2024  6:00 AM, 0
03/04/2024  7:00 AM, 0
03/04/2024  8:00 AM, 5
03/04/2024  9:00 AM, 5
03/04/2024 10:00 AM, 5
03/04/2024 11:00 AM, 5
03/04/2024 12:00 PM, 5
03/04/2024  1:00 PM, 5
03/04/2024  2:00 PM, 5
03/04/2024  3:00 PM, 0
03/04/2024  4:00 PM, 0
03/04/2024  5:00 PM, 0
03/04/2024  6:00 PM, 0
03/04/2024  7:00 PM, 0
03/04/2024  8:00 PM, 0
03/04/2024  9:00 PM, 0
03/04/2024 10:00 PM, 0
03/04/2024 11:00 PM, 0
03/05/2024 12:00 AM, 5
03/05/2024  1:00 AM, 0
03/05/2024  2:00 AM, 2.0005
03/05/2024  3:00 AM, 0
03/05/2024  4:00 AM, 5
03/05/2024  5:00 AM, 0
03/05/2024  6:00 AM, 0
03/05/2024  7:00 AM, 0
03/05/2024  8:00 AM, 5
03/05/2024  9:00 AM, 5
03/05/2024 10:00 AM, 5
03/05/2024 11:00 AM, 5
03/05/2024 12:00 PM, 5
03/05/2024  1:00 PM, 5
03/05/2024  2:00 PM, 5
03/05/2024  3:00 PM, 0
03/05/2024  4:00 PM, 0
03/05/2024  5:00 PM, 0
03/05/2024  6:00 PM, 0
03/05/2024  7:00 PM, 0
03/05/2024  8:00 PM, 0
03/05/2024  9:00 PM, 0
03/05/2024 10:00 PM, 0
03/05/2024 11:00 PM, 0
03/06/2024 12:00 AM, 5
03/06/2024  1:00 AM, 0
03/06/2024  2:00 AM, 0
03/06/2024  3:00 AM, 5
03/06/2024  4:00 AM, 2.0005
03/06/2024  5:00 AM, 0
03/06/2024  6:00 AM, 0
03/06/2024  7:00 AM, 0
03/06/2024  8:00 AM, 5
03/06/2024  9:00 AM, 5
03/06/2024 10:00 AM, 5
03/06/2024 11:00 AM, 5
03/06/2024 12:00 PM, 5
03/06/2024  1:00 PM, 5
03/06/2024  2:00 PM, 1.0015
03/06/2024  3:00 PM, 5
03/06/2024  4:00 PM, 0
03/06/2024  5:00 PM, 0
03/06/2024  6:00 PM, 0
03/06/2024  7:00 PM, 0
03/06/2024  8:00 PM, 0
03/06/2024  9:00 PM, 0
03/06/2024 10:00 PM, 0
03/06/2024 11:00 PM, 0
03/07/2024 12:00 AM, 0
03/07/2024  1:00 AM, 0
03/07/2024  2:00 AM, 0
03/07/2024  3:00 AM, 0
03/07/2024  4:00 AM, 0
03/07/2024  5:00 AM, 0
03/07/2024  6:00 AM, 0
03/07/2024  7:00 AM, 0
03/07/2024  8:00 AM, 5
03/07/2024  9:00 AM, 5
03/07/2024 10:00 AM, 5
03/07/2024 11:00 AM, 5
03/07/2024 12:00 PM, 5
03/07/2024  1:00 PM, 5
03/07/2024  2:00 PM, 5
03/07/2024  3:00 PM, 1.0015
03/07/2024  4:00 PM, 0
03/07/2024  5:00 PM, 0
03/07/2024  6:00 PM, 0
03/07/2024  7:00 PM, 0
03/07/2024  8:00 PM, 0
03/07/2024  9:00 PM, 0
03/07/2024 10:00 PM, 0
03/07/2024 11:00 PM, 0
03/08/2024 12:00 AM, 0
03/08/2024  1:00 AM, 0
03/08/2024  2:00 AM, 0
03/08/2024  3:00 AM, 0
03/08/2024  4:00 AM, 0
03/08/2024  5:00 AM, 0
03/08/2024  6:00 AM, 0
03/08/2024  7:00 AM, 0
03/08/2024  8:00 AM, 5
03/08/2024  9:00 AM, 5
03/08/2024 10:00 AM, 5
03/08/2024 11:00 AM, 5
03/08/2024 12:00 PM, 5
03/08/2024  1:00 PM, 5
03/08/2024  2:00 PM, 5
03/08/2024  3:00 PM, 1.0015
03/08/2024  4:00 PM, 0
03/08/2024  5:00 PM, 0
03/08/2024  6:00 PM, 0
03/08/2024  7:00 PM, 0
03/08/2024  8:00 PM, 0
03/08/2024  9:00 PM, 0
03/08/2024 10:00 PM, 0
03/08/2024 11:00 PM, 0
03/09/2024 12:00 AM, 0
03/09/2024  1:00 AM, 5
03/09/2024  2:00 AM, 5
03/09/2024  3:00 AM, 5
03/09/2024  4:00 AM, 5
03/09/2024  5:00 AM, 0
03/09/2024  6:00 AM, 0
03/09/2024  7:00 AM, 0
03/09/2024  8:00 AM, 0
03/09/2024  9:00 AM, 1.0015
03/09/2024 10:00 AM, 0
03/09/2024 11:00 AM, 5
03/09/2024 12:00 PM, 5
03/09/2024  1:00 PM, 5
03/09/2024  2:00 PM, 0
03/09/2024  3:00 PM, 0
03/09/2024  4:00 PM, 0
03/09/2024  5:00 PM, 0
03/09/2024  6:00 PM, 0
03/09/2024  7:00 PM, 0
03/09/2024  8:00 PM, 0
03/09/2024  9:00 PM, 0
03/09/2024 10:00 PM, 0
03/09/2024 11:00 PM, 0
03/10/2024 12:00 AM, 0
03/10/2024  1:00 AM, 0
03/10/2024  2:00 AM, 0
03/10/2024  3:00 AM, 0
03/10/2024  4:00 AM, 0
03/10/2024  5:00 AM, 0
03/10/2024  6:00 AM, 0
03/10/2024  7:00 AM, 0
03/10/2024  8:00 AM, 0.0012
03/10/2024  9:00 AM, 5
03/10/2024 10:00 AM, 5
03/10/2024 11:00 AM, 5
03/10/2024 12:00 PM, 5
03/10/2024  1:00 PM, 5
03/10/2024  2:00 PM, 5
03/10/2024  3:00 PM, 0
03/10/2024  4:00 PM, 0
03/10/2024  5:00 PM, 0
03/10/2024  6:00 PM, 0
03/10/2024  7:00 PM, 0
03/10/2024  8:00 PM, 0
03/10/2024  9:00 PM, 0
03/10/2024 10:00 PM, 0
03/10/2024 11:00 PM, 0
03/11/2024 12:00 AM, 0
03/11/2024  1:00 AM, 0
03/11/2024  2:00 AM, 0
03/11/2024  3:00 AM, 0
03/11/2024  4:00 AM, 5
03/11/2024  5:00 AM, 0
03/11/2024  6:00 AM, 0
03/11/2024  7:00 AM, 0
03/11/2024  8:00 AM, 5
03/11/2024  9:00 AM, 5
03/11/2024 10:00 AM, 5
03/11/2024 11:00 AM, 5
03/11/2024 12:00 PM, 5
03/11/2024  1:00 PM, 5
03/11/2024  2:00 PM, 5
03/11/2024  3:00 PM, 1.0015
03/11/2024  4:00 PM, 0
03/11/2024  5:00 PM, 0
03/11/2024  6:00 PM, 0
03/11/2024  7:00 PM, 0
03/11/2024  8:00 PM, 0
03/11/2024  9:00 PM, 0
03/11/2024 10:00 PM, 0
03/11/2024 11:00 PM, 0
03/12/2024 12:00 AM, 1.0003
03/12/2024  1:00 AM, 5
03/12/2024  2:00 AM, 0
03/12/2024  3:00 AM, 0
03/12/2024  4:00 AM, 0
03/12/2024  5:00 AM, 0
03/12/2024  6:00 AM, 0
03/12/2024  7:00 AM, 0
03/12/2024  8:00 AM, 5
03/12/2024  9:00 AM, 5
03/12/2024 10:00 AM, 5
03/12/2024 11:00 AM, 5
03/12/2024 12:00 PM, 5
03/12/2024  1:00 PM, 5
03/12/2024  2:00 PM, 0.0012
03/12/2024  3:00 PM, 0
03/12/2024  4:00 PM, 0
03/12/2024  5:00 PM, 0
03/12/2024  6:00 PM, 0
03/12/2024  7:00 PM, 0
03/12/2024  8:00 PM, 0
03/12/2024  9:00 PM, 0
03/12/2024 10:00 PM, 0
03/12/2024 11:00 PM, 0
03/13/2024 12:00 AM, 0
03/13/2024  1:00 AM, 5
03/13/2024  2:00 AM, 2.0005
03/13/2024  3:00 AM, 5
03/13/2024  4:00 AM, 0
03/13/2024  5:00 AM, 0
03/13/2024  6:00 AM, 0
03/13/2024  7:00 AM, 0
03/13/2024  8:00 AM, 3.0007
03/13/2024  9:00 AM, 0
03/13/2024 10:00 AM, 5
03/13/2024 11:00 AM, 5
03/13/2024 12:00 PM, 5
03/13/2024  1:00 PM, 0
03/13/2024  2:00 PM, 0
03/13/2024  3:00 PM, 0
03/13/2024  4:00 PM, 0
03/13/2024  5:00 PM, 0
03/13/2024  6:00 PM, 0
03/13/2024  7:00 PM, 0
03/13/2024  8:00 PM, 0
03/13/2024  9:00 PM, 0
03/13/2024 10:00 PM, 0
03/13/2024 11:00 PM, 0
03/14/2024 12:00 AM, 0
03/14/2024  1:00 AM, 0
03/14/2024  2:00 AM, 0
03/14/2024  3:00 AM, 0
03/14/2024  4:00 AM, 0
03/14/2024  5:00 AM, 0
03/14/2024  6:00 AM, 0
03/14/2024  7:00 AM, 5
03/14/2024  8:00 AM, 5
03/14/2024  9:00 AM, 1.0015
03/14/2024 10:00 AM, 5
03/14/2024 11:00 AM, 5
03/14/2024 12:00 PM, 5
03/14/2024  1:00 PM, 5
03/14/2024  2:00 PM, 5
03/14/2024  3:00 PM, 0
03/14/2024  4:00 PM, 0
03/14/2024  5:00 PM, 0
03/14/2024  6:00 PM, 0
03/14/2024  7:00 PM, 0
03/14/2024  8:00 PM, 0
03/14/2024  9:00 PM, 0
03/14/2024 10:00 PM, 0
03/14/2024 11:00 PM, 0
03/15/2024 12:00 AM, 0
03/15/2024  1:00 AM, 0
03/15/2024  2:00 AM, 0
03/15/2024  3:00 AM, 0
03/15/2024  4:00 AM, 0
03/15/2024  5:00 AM, 0
03/15/2024  6:00 AM, 0
03/15/2024  7:00 AM, 1.0015
03/15/2024  8:00 AM, 5
03/15/2024  9:00 AM, 5
03/15/2024 10:00 AM, 5
03/15/2024 11:00 AM, 5
03/15/2024 12:00 PM, 5
03/15/2024  1:00 PM, 5
03/15/2024  2:00 PM, 5
03/15/2024  3:00 PM, 0
03/15/2024  4:00 PM, 0
03/15/2024  5:00 PM, 0
03/15/2024  6:00 PM, 0
03/15/2024  7:00 PM, 0
03/15/2024  8:00 PM, 0
03/15/2024  9:00 PM, 0
03/15/2024 10:00 PM, 0
03/15/2024 11:00 PM, 0
03/16/2024 12:00 AM, 0
03/16/2024  1:00 AM, 5
03/16/2024  2:00 AM, 0
03/16/2024  3:00 AM, 1.0003
03/16/2024  4:00 AM, 0
03/16/2024  5:00 AM, 0
03/16/2024  6:00 AM, 0
03/16/2024  7:00 AM, 0
03/16/2024  8:00 AM, 5
03/16/2024  9:00 AM, 5
03/16/2024 10:00 AM, 5
03/16/2024 11:00 AM, 5
03/16/2024 12:00 PM, 5
03/16/2024  1:00 PM, 5
03/16/2024  2:00 PM, 5
03/16/2024  3:00 PM, 1.0015
03/16/2024  4:00 PM, 0
03/16/2024  5:00 PM, 0
03/16/2024  6:00 PM, 0
03/16/2024  7:00 PM, 0
03/16/2024  8:00 PM, 0
03/16/2024  9:00 PM, 0
03/16/2024 10:00 PM, 0
03/16/2024 11:00 PM, 0
03/17/2024 12:00 AM, 0
03/17/2024  1:00 AM, 5
03/17/2024  2:00 AM, 0
03/17/2024  3:00 AM, 1.0003
03/17/2024  4:00 AM, 0
03/17/2024  5:00 AM, 0
03/17/2024  6:00 AM, 0
03/17/2024  7:00 AM, 0
03/17/2024  8:00 AM, 5
03/17/2024  9:00 AM, 5
03/17/2024 10:00 AM, 5
03/17/2024 11:00 AM, 5
03/17/2024 12:00 PM, 5
03/17/2024  1:00 PM, 5
03/17/2024  2:00 PM, 5
03/17/2024  3:00 PM, 0
03/17/2024  4:00 PM, 0
03/17/2024  5:00 PM, 0
03/17/2024  6:00 PM, 0
03/17/2024  7:00 PM, 0
03/17/2024  8:00 PM, 0
03/17/2024  9:00 PM, 0
03/17/2024 10:00 PM, 0
03/17/2024 11:00 PM, 0
03/18/2024 12:00 AM, 0
03/18/2024  1:00 AM, 0
03/18/2024  2:00 AM, 0
03/18/2024  3:00 AM, 0
03/18/2024  4:00 AM, 0
03/18/2024  5:00 AM, 0
03/18/2024  6:00 AM, 0
03/18/2024  7:00 AM, 0
03/18/2024  8:00 AM, 5
03/18/2024  9:00 AM, 5
03/18/2024 10:00 AM, 5
03/18/2024 11:00 AM, 5
03/18/2024 12:00 PM, 5
03/18/2024  1:00 PM, 5
03/18/2024  2:00 PM, 5
03/18/2024  3:00 PM, 0
03/18/2024  4:00 PM, 0
03/18/2024  5:00 PM, 0
03/18/2024  6:00 PM, 0
03/18/2024  7:00 PM, 0
03/18/2024  8:00 PM, 0
03/18/2024  9:00 PM, 0
03/18/2024 10:00 PM, 0
03/18/2024 11:00 PM, 0
03/19/2024 12:00 AM, 5
03/19/2024  1:00 AM, 2.0005
03/19/2024  2:00 AM, 5
03/19/2024  3:00 AM, 0
03/19/2024  4:00 AM, 0
03/19/2024  5:00 AM, 0
03/19/2024  6:00 AM, 0
03/19/2024  7:00 AM, 0
03/19/2024  8:00 AM, 0
03/19/2024  9:00 AM, 5
03/19/2024 10:00 AM, 5
03/19/2024 11:00 AM, 5
03/19/2024 12:00 PM, 5
03/19/2024  1:00 PM, 5
03/19/2024  2:00 PM, 5
03/19/2024  3:00 PM, 0
03/19/2024  4:00 PM, 0
03/19/2024  5:00 PM, 0
03/19/2024  6:00 PM, 0
03/19/2024  7:00 PM, 0
03/19/2024  8:00 PM, 0
03/19/2024  9:00 PM, 0
03/19/2024 10:00 PM, 0
03/19/2024 11:00 PM, 0
03/20/2024 12:00 AM, 0
03/20/2024  1:00 AM, 5
03/20/2024  2:00 AM, 0
03/20/2024  3:00 AM, 0
03/20/2024  4:00 AM, 0
03/20/2024  5:00 AM, 0
03/20/2024  6:00 AM, 0
03/20/2024  7:00 AM, 0
03/20/2024  8:00 AM, 0
03/20/2024  9:00 AM, 0
03/20/2024 10:00 AM, 5
03/20/2024 11:00 AM, 5
03/20/2024 12:00 PM, 5
03/20/2024  1:00 PM, 5
03/20/2024  2:00 PM, 5
03/20/2024  3:00 PM, 0
03/20/2024  4:00 PM, 0
03/20/2024  5:00 PM, 0
03/20/2024  6:00 PM, 0
03/20/2024  7:00 PM, 0
03/20/2024  8:00 PM, 0
03/20/2024  9:00 PM, 0
03/20/2024 10:00 PM, 0
03/20/2024 11:00 PM, 0
03/21/2024 12:00 AM, 0
03/21/2024  1:00 AM, 0
03/21/2024  2:00 AM, 0
03/21/2024  3:00 AM, 0
03/21/2024  4:00 AM, 0
03/21/2024  5:00 AM, 0
03/21/2024  6:00 AM, 0
03/21/2024  7:00 AM, 0
03/21/2024  8:00 AM, 5
03/21/2024  9:00 AM, 5
03/21/2024 10:00 AM, 5
03/21/2024 11:00 AM, 5
03/21/2024 12:00 PM, 5
03/21/2024  1:00 PM, 5
03/21/2024  2:00 PM, 5
03/21/2024  3:00 PM, 1.0015
03/21/2024  4:00 PM, 0
03/21/2024  5:00 PM, 0
03/21/2024  6:00 PM, 0
03/21/2024  7:00 PM, 0
03/21/2024  8:00 PM, 0
03/21/2024  9:00 PM, 0
03/21/2024 10:00 PM, 0
03/21/2024 11:00 PM, 0
03/22/2024 12:00 AM, 0
03/22/2024  1:00 AM, 0
03/22/2024  2:00 AM, 0
03/22/2024  3:00 AM, 0
03/22/2024  4:00 AM, 0
03/22/2024  5:00 AM, 0
03/22/2024  6:00 AM, 0
03/22/2024  7:00 AM, 1.0015
03/22/2024  8:00 AM, 5
03/22/2024  9:00 AM, 5
03/22/2024 10:00 AM, 5
03/22/2024 11:00 AM, 5
03/22/2024 12:00 PM, 5
03/22/2024  1:00 PM, 5
03/22/2024  2:00 PM, 5
03/22/2024  3:00 PM, 0
03/22/2024  4:00 PM, 0
03/22/2024  5:00 PM, 0
03/22/2024  6:00 PM, 0
03/22/2024  7:00 PM, 0
03/22/2024  8:00 PM, 0
03/22/2024  9:00 PM, 0
03/22/2024 10:00 PM, 0
03/22/2024 11:00 PM, 0
03/23/2024 12:00 AM, 0
03/23/2024  1:00 AM, 0
03/23/2024  2:00 AM, 0
03/23/2024  3:00 AM, 0
03/23/2024  4:00 AM, 0
03/23/2024  5:00 AM, 0
03/23/2024  6:00 AM, 0
03/23/2024  7:00 AM, 5
03/23/2024  8:00 AM, 5
03/23/2024  9:00 AM, 5
03/23/2024 10:00 AM, 5
03/23/2024 11:00 AM, 5
03/23/2024 12:00 PM, 5
03/23/2024  1:00 PM, 0
03/23/2024  2:00 PM, 0
03/23/2024  3:00 PM, 0
03/23/2024  4:00 PM, 0
03/23/2024  5:00 PM, 0
03/23/2024  6:00 PM, 0
03/23/2024  7:00 PM, 0
03/23/2024  8:00 PM, 0
03/23/2024  9:00 PM, 0
03/23/2024 10:00 PM, 0
03/23/2024 11:00 PM, 0
03/24/2024 12:00 AM, 0
03/24/2024  1:00 AM, 0
03/24/2024  2:00 AM, 0
03/24/2024  3:00 AM, 0
03/24/2024  4:00 AM, 0
03/24/2024  5:00 AM, 0
03/24/2024  6:00 AM, 0
03/24/2024  7:00 AM, 0
03/24/2024  8:00 AM, 1.0015
03/24/2024  9:00 AM, 5
03/24/2024 10:00 AM, 5
03/24/2024 11:00 AM, 5
03/24/2024 12:00 PM, 5
03/24/2024  1:00 PM, 5
03/24/2024  2:00 PM, 5
03/24/2024  3:00 PM, 5
03/24/2024  4:00 PM, 0
03/24/2024  5:00 PM, 0
03/24/2024  6:00 PM, 0
03/24/2024  7:00 PM, 0
03/24/2024  8:00 PM, 0
03/24/2024  9:00 PM, 0
03/24/2024 10:00 PM, 0
03/24/2024 11:00 PM, 0
03/25/2024 12:00 AM, 0
03/25/2024  1:00 AM, 0
03/25/2024  2:00 AM, 0
03/25/2024  3:00 AM, 0
03/25/2024  4:00 AM, 0
03/25/2024  5:00 AM, 0
03/25/2024  6:00 AM, 0
03/25/2024  7:00 AM, 0
03/25/2024  8:00 AM, 5
03/25/2024  9:00 AM, 5
03/25/2024 10:00 AM, 5
03/25/2024 11:00 AM, 5
03/25/2024 12:00 PM, 5
03/25/2024  1:00 PM, 5
03/25/2024  2:00 PM, 5
03/25/2024  3:00 PM, 0
03/25/2024  4:00 PM, 0
03/25/2024  5:00 PM, 0
03/25/2024  6:00 PM, 0
03/25/2024  7:00 PM, 0
03/25/2024  8:00 PM, 0
03/25/2024  9:00 PM, 0
03/25/2024 10:00 PM, 0
03/25/2024 11:00 PM, 0
03/26/2024 12:00 AM, 0
03/26/2024  1:00 AM, 0
03/26/2024  2:00 AM, 0
03/26/2024  3:00 AM, 0
03/26/2024  4:00 AM, 0
03/26/2024  5:00 AM, 0
03/26/2024  6:00 AM, 0
03/26/2024  7:00 AM, 0
03/26/2024  8:00 AM, 0
03/26/2024  9:00 AM, 5
03/26/2024 10:00 AM, 5
03/26/2024 11:00 AM, 5
03/26/2024 12:00 PM, 5
03/26/2024  1:00 PM, 4.001
03/26/2024  2:00 PM, 0
03/26/2024  3:00 PM, 0
03/26/2024  4:00 PM, 0
03/26/2024  5:00 PM, 0
03/26/2024  6:00 PM, 0
03/26/2024  7:00 PM, 0
03/26/2024  8:00 PM, 0
03/26/2024  9:00 PM, 0
03/26/2024 10:00 PM, 0
03/26/2024 11:00 PM, 0
03/27/2024 12:00 AM, 0
03/27/2024  1:00 AM, 0
03/27/2024  2:00 AM, 0
03/27/2024  3:00 AM, 0
03/27/2024  4:00 AM, 0
03/27/2024  5:00 AM, 0
03/27/2024  6:00 AM, 0
03/27/2024  7:00 AM, 0
03/27/2024  8:00 AM, 5
03/27/2024  9:00 AM, 5
03/27/2024 10:00 AM, 5
03/27/2024 11:00 AM, 5
03/27/2024 12:00 PM, 5
03/27/2024  1:00 PM, 5
03/27/2024  2:00 PM, 5
03/27/2024  3:00 PM, 0
03/27/2024  4:00 PM, 0
03/27/2024  5:00 PM, 0
03/27/2024  6:00 PM, 0
03/27/2024  7:00 PM, 0
03/27/2024  8:00 PM, 0
03/27/2024  9:00 PM, 0
03/27/2024 10:00 PM, 0
03/27/2024 11:00 PM, 0
03/28/2024 12:00 AM, 0
03/28/2024  1:00 AM, 0
03/28/2024  2:00 AM, 0
03/28/2024  3:00 AM, 0
03/28/2024  4:00 AM, 0
03/28/2024  5:00 AM, 0
03/28/2024  6:00 AM, 0
03/28/2024  7:00 AM, 1.0015
03/28/2024  8:00 AM, 5
03/28/2024  9:00 AM, 5
03/28/2024 10:00 AM, 5
03/28/2024 11:00 AM, 5
03/28/2024 12:00 PM, 5
03/28/2024  1:00 PM, 5
03/28/2024  2:00 PM, 5
03/28/2024  3:00 PM, 0
03/28/2024  4:00 PM, 0
03/28/2024  5:00 PM, 0
03/28/2024  6:00 PM, 0
03/28/2024  7:00 PM, 0
03/28/2024  8:00 PM, 0
03/28/2024  9:00 PM, 0
03/28/2024 10:00 PM, 0
03/28/2024 11:00 PM, 0
03/29/2024 12:00 AM, 0
03/29/2024  1:00 AM, 0
03/29/2024  2:00 AM, 0
03/29/2024  3:00 AM, 0
03/29/2024  4:00 AM, 0
03/29/2024  5:00 AM, 0
03/29/2024  6:00 AM, 0
03/29/2024  7:00 AM, 0
03/29/2024  8:00 AM, 5
03/29/2024  9:00 AM, 5
03/29/2024 10:00 AM, 5
03/29/2024 11:00 AM, 5
03/29/2024 12:00 PM, 5
03/29/2024  1:00 PM, 5
03/29/2024  2:00 PM, 5
03/29/2024  3:00 PM, 0
03/29/2024  4:00 PM, 0
03/29/2024  5:00 PM, 0
03/29/2024  6:00 PM, 0
03/29/2024  7:00 PM, 0
03/29/2024  8:00 PM, 0
03/29/2024  9:00 PM, 0
03/29/2024 10:00 PM, 0
03/29/2024 11:00 PM, 0
03/30/2024 12:00 AM, 0
03/30/2024  1:00 AM, 0
03/30/2024  2:00 AM, 0
03/30/2024  3:00 AM, 0
03/30/2024  4:00 AM, 0
03/30/2024  5:00 AM, 0
03/30/2024  6:00 AM, 0
03/30/2024  7:00 AM, 0
03/30/2024  8:00 AM, 0
03/30/2024  9:00 AM, 5
03/30/2024 10:00 AM, 5
03/30/2024 11:00 AM, 5
03/30/2024 12:00 PM, 5
03/30/2024  1:00 PM, 5
03/30/2024  2:00 PM, 0
03/30/2024  3:00 PM, 0
03/30/2024  4:00 PM, 0
03/30/2024  5:00 PM, 0
03/30/2024  6:00 PM, 0
03/30/2024  7:00 PM, 0
03/30/2024  8:00 PM, 0
03/30/2024  9:00 PM, 0
03/30/2024 10:00 PM, 0
03/30/2024 11:00 PM, 0
03/31/2024 12:00 AM, 5
03/31/2024  1:00 AM, 5
03/31/2024  2:00 AM, 5
03/31/2024  3:00 AM, 5
03/31/2024  4:00 AM, 5
03/31/2024  5:00 AM, 0
03/31/2024  6:00 AM, 0
03/31/2024  7:00 AM, 1.0015
03/31/2024  8:00 AM, 0
03/31/2024  9:00 AM, 5
03/31/2024 10:00 AM, 5
03/31/2024 11:00 AM, 0
03/31/2024 12:00 PM, 0
03/31/2024  1:00 PM, 0
03/31/2024  2:00 PM, 0
03/31/2024  3:00 PM, 0
03/31/2024  4:00 PM, 0
03/31/2024  5:00 PM, 0
03/31/2024  6:00 PM, 0
03/31/2024  7:00 PM, 0
03/31/2024  8:00 PM, 0
03/31/2024  9:00 PM, 0
03/31/2024 10:00 PM, 0
03/31/2024 11:00 PM, 0
























