DATETIME, VALUE
01/01/2024 12:00 AM, 0
01/01/2024  1:00 AM, 0
01/01/2024  2:00 AM, 0
01/01/2024  3:00 AM, 0
01/01/2024  4:00 AM, 0
01/01/2024  5:00 AM, 0
01/01/2024  6:00 AM, 0
01/01/2024  7:00 AM, 0
01/01/2024  8:00 AM, 0
01/01/2024  9:00 AM, 0
01/01/2024 10:00 AM, 0
01/01/2024 11:00 AM, 46
01/01/2024 12:00 PM, 46
01/01/2024  1:00 PM, 46
01/01/2024  2:00 PM, 17.9851
01/01/2024  3:00 PM, 0
01/01/2024  4:00 PM, 0
01/01/2024  5:00 PM, 0
01/01/2024  6:00 PM, 0
01/01/2024  7:00 PM, 0
01/01/2024  8:00 PM, 0
01/01/2024  9:00 PM, 0
01/01/2024 10:00 PM, 0
01/01/2024 11:00 PM, 0
01/02/2024 12:00 AM, 0
01/02/2024  1:00 AM, 0
01/02/2024  2:00 AM, 46
01/02/2024  3:00 AM, 0
01/02/2024  4:00 AM, 9.2023
01/02/2024  5:00 AM, 0
01/02/2024  6:00 AM, 0
01/02/2024  7:00 AM, 0
01/02/2024  8:00 AM, 0
01/02/2024  9:00 AM, 0
01/02/2024 10:00 AM, 17.566
01/02/2024 11:00 AM, 46
01/02/2024 12:00 PM, 46
01/02/2024  1:00 PM, 46
01/02/2024  2:00 PM, 46
01/02/2024  3:00 PM, 0
01/02/2024  4:00 PM, 0
01/02/2024  5:00 PM, 0
01/02/2024  6:00 PM, 0
01/02/2024  7:00 PM, 0
01/02/2024  8:00 PM, 0
01/02/2024  9:00 PM, 0
01/02/2024 10:00 PM, 0
01/02/2024 11:00 PM, 0
01/03/2024 12:00 AM, 0
01/03/2024  1:00 AM, 0
01/03/2024  2:00 AM, 46
01/03/2024  3:00 AM, 0
01/03/2024  4:00 AM, 0
01/03/2024  5:00 AM, 9.2023
01/03/2024  6:00 AM, 0
01/03/2024  7:00 AM, 0
01/03/2024  8:00 AM, 0
01/03/2024  9:00 AM, 0
01/03/2024 10:00 AM, 46
01/03/2024 11:00 AM, 46
01/03/2024 12:00 PM, 46
01/03/2024  1:00 PM, 46
01/03/2024  2:00 PM, 17.566
01/03/2024  3:00 PM, 0
01/03/2024  4:00 PM, 0
01/03/2024  5:00 PM, 0
01/03/2024  6:00 PM, 0
01/03/2024  7:00 PM, 0
01/03/2024  8:00 PM, 0
01/03/2024  9:00 PM, 0
01/03/2024 10:00 PM, 0
01/03/2024 11:00 PM, 0
01/04/2024 12:00 AM, 0
01/04/2024  1:00 AM, 0
01/04/2024  2:00 AM, 0
01/04/2024  3:00 AM, 0
01/04/2024  4:00 AM, 0
01/04/2024  5:00 AM, 0
01/04/2024  6:00 AM, 0
01/04/2024  7:00 AM, 0
01/04/2024  8:00 AM, 46
01/04/2024  9:00 AM, 46
01/04/2024 10:00 AM, 46
01/04/2024 11:00 AM, 46
01/04/2024 12:00 PM, 17.566
01/04/2024  1:00 PM, 0
01/04/2024  2:00 PM, 0
01/04/2024  3:00 PM, 0
01/04/2024  4:00 PM, 0
01/04/2024  5:00 PM, 0
01/04/2024  6:00 PM, 0
01/04/2024  7:00 PM, 0
01/04/2024  8:00 PM, 19.2427
01/04/2024  9:00 PM, 0
01/04/2024 10:00 PM, 0
01/04/2024 11:00 PM, 0
01/05/2024 12:00 AM, 0
01/05/2024  1:00 AM, 0
01/05/2024  2:00 AM, 0
01/05/2024  3:00 AM, 0
01/05/2024  4:00 AM, 0
01/05/2024  5:00 AM, 0
01/05/2024  6:00 AM, 0
01/05/2024  7:00 AM, 0
01/05/2024  8:00 AM, 0
01/05/2024  9:00 AM, 0
01/05/2024 10:00 AM, 0
01/05/2024 11:00 AM, 18.4046
01/05/2024 12:00 PM, 46
01/05/2024  1:00 PM, 0
01/05/2024  2:00 PM, 46
01/05/2024  3:00 PM, 0
01/05/2024  4:00 PM, 0
01/05/2024  5:00 PM, 0
01/05/2024  6:00 PM, 0
01/05/2024  7:00 PM, 0
01/05/2024  8:00 PM, 0
01/05/2024  9:00 PM, 0
01/05/2024 10:00 PM, 0
01/05/2024 11:00 PM, 0
01/06/2024 12:00 AM, 46
01/06/2024  1:00 AM, 46
01/06/2024  2:00 AM, 46
01/06/2024  3:00 AM, 0
01/06/2024  4:00 AM, 46
01/06/2024  5:00 AM, 0
01/06/2024  6:00 AM, 0
01/06/2024  7:00 AM, 0
01/06/2024  8:00 AM, 0
01/06/2024  9:00 AM, 46
01/06/2024 10:00 AM, 46
01/06/2024 11:00 AM, 46
01/06/2024 12:00 PM, 46
01/06/2024  1:00 PM, 17.566
01/06/2024  2:00 PM, 0
01/06/2024  3:00 PM, 0
01/06/2024  4:00 PM, 0
01/06/2024  5:00 PM, 0
01/06/2024  6:00 PM, 0
01/06/2024  7:00 PM, 0
01/06/2024  8:00 PM, 0
01/06/2024  9:00 PM, 0
01/06/2024 10:00 PM, 0
01/06/2024 11:00 PM, 0
01/07/2024 12:00 AM, 0
01/07/2024  1:00 AM, 0
01/07/2024  2:00 AM, 46
01/07/2024  3:00 AM, 0
01/07/2024  4:00 AM, 46
01/07/2024  5:00 AM, 0
01/07/2024  6:00 AM, 0
01/07/2024  7:00 AM, 0
01/07/2024  8:00 AM, 0
01/07/2024  9:00 AM, 17.566
01/07/2024 10:00 AM, 0
01/07/2024 11:00 AM, 46
01/07/2024 12:00 PM, 46
01/07/2024  1:00 PM, 0
01/07/2024  2:00 PM, 0
01/07/2024  3:00 PM, 0
01/07/2024  4:00 PM, 46
01/07/2024  5:00 PM, 0
01/07/2024  6:00 PM, 0
01/07/2024  7:00 PM, 0
01/07/2024  8:00 PM, 0
01/07/2024  9:00 PM, 0
01/07/2024 10:00 PM, 0
01/07/2024 11:00 PM, 0
01/08/2024 12:00 AM, 0
01/08/2024  1:00 AM, 0
01/08/2024  2:00 AM, 0
01/08/2024  3:00 AM, 0
01/08/2024  4:00 AM, 0
01/08/2024  5:00 AM, 0
01/08/2024  6:00 AM, 0
01/08/2024  7:00 AM, 0
01/08/2024  8:00 AM, 0
01/08/2024  9:00 AM, 0
01/08/2024 10:00 AM, 0
01/08/2024 11:00 AM, 0
01/08/2024 12:00 PM, 0
01/08/2024  1:00 PM, 0
01/08/2024  2:00 PM, 0
01/08/2024  3:00 PM, 0
01/08/2024  4:00 PM, 0
01/08/2024  5:00 PM, 0
01/08/2024  6:00 PM, 0
01/08/2024  7:00 PM, 0
01/08/2024  8:00 PM, 0
01/08/2024  9:00 PM, 0
01/08/2024 10:00 PM, 0
01/08/2024 11:00 PM, 0
01/09/2024 12:00 AM, 9.2023
01/09/2024  1:00 AM, 0
01/09/2024  2:00 AM, 0
01/09/2024  3:00 AM, 0
01/09/2024  4:00 AM, 46
01/09/2024  5:00 AM, 0
01/09/2024  6:00 AM, 0
01/09/2024  7:00 AM, 0
01/09/2024  8:00 AM, 0
01/09/2024  9:00 AM, 0
01/09/2024 10:00 AM, 9.2023
01/09/2024 11:00 AM, 0
01/09/2024 12:00 PM, 46
01/09/2024  1:00 PM, 0
01/09/2024  2:00 PM, 0
01/09/2024  3:00 PM, 0
01/09/2024  4:00 PM, 0
01/09/2024  5:00 PM, 0
01/09/2024  6:00 PM, 0
01/09/2024  7:00 PM, 0
01/09/2024  8:00 PM, 0
01/09/2024  9:00 PM, 0
01/09/2024 10:00 PM, 0
01/09/2024 11:00 PM, 0
01/10/2024 12:00 AM, 0
01/10/2024  1:00 AM, 0
01/10/2024  2:00 AM, 0
01/10/2024  3:00 AM, 0
01/10/2024  4:00 AM, 0
01/10/2024  5:00 AM, 0
01/10/2024  6:00 AM, 0
01/10/2024  7:00 AM, 0
01/10/2024  8:00 AM, 0
01/10/2024  9:00 AM, 0
01/10/2024 10:00 AM, 0
01/10/2024 11:00 AM, 0
01/10/2024 12:00 PM, 0
01/10/2024  1:00 PM, 0
01/10/2024  2:00 PM, 0
01/10/2024  3:00 PM, 0
01/10/2024  4:00 PM, 0
01/10/2024  5:00 PM, 0
01/10/2024  6:00 PM, 0
01/10/2024  7:00 PM, 0
01/10/2024  8:00 PM, 0
01/10/2024  9:00 PM, 0
01/10/2024 10:00 PM, 0
01/10/2024 11:00 PM, 0
01/11/2024 12:00 AM, 0
01/11/2024  1:00 AM, 0
01/11/2024  2:00 AM, 0
01/11/2024  3:00 AM, 0
01/11/2024  4:00 AM, 17.566
01/11/2024  5:00 AM, 0
01/11/2024  6:00 AM, 46
01/11/2024  7:00 AM, 0
01/11/2024  8:00 AM, 0
01/11/2024  9:00 AM, 46
01/11/2024 10:00 AM, 46
01/11/2024 11:00 AM, 46
01/11/2024 12:00 PM, 0
01/11/2024  1:00 PM, 0
01/11/2024  2:00 PM, 0
01/11/2024  3:00 PM, 0
01/11/2024  4:00 PM, 0
01/11/2024  5:00 PM, 0
01/11/2024  6:00 PM, 0
01/11/2024  7:00 PM, 0
01/11/2024  8:00 PM, 0
01/11/2024  9:00 PM, 0
01/11/2024 10:00 PM, 0
01/11/2024 11:00 PM, 0
01/12/2024 12:00 AM, 0
01/12/2024  1:00 AM, 0
01/12/2024  2:00 AM, 0
01/12/2024  3:00 AM, 0
01/12/2024  4:00 AM, 0
01/12/2024  5:00 AM, 0
01/12/2024  6:00 AM, 0
01/12/2024  7:00 AM, 0
01/12/2024  8:00 AM, 0
01/12/2024  9:00 AM, 0
01/12/2024 10:00 AM, 17.566
01/12/2024 11:00 AM, 46
01/12/2024 12:00 PM, 46
01/12/2024  1:00 PM, 46
01/12/2024  2:00 PM, 46
01/12/2024  3:00 PM, 0
01/12/2024  4:00 PM, 0
01/12/2024  5:00 PM, 0
01/12/2024  6:00 PM, 0
01/12/2024  7:00 PM, 0
01/12/2024  8:00 PM, 0
01/12/2024  9:00 PM, 0
01/12/2024 10:00 PM, 0
01/12/2024 11:00 PM, 0
01/13/2024 12:00 AM, 0
01/13/2024  1:00 AM, 0
01/13/2024  2:00 AM, 0
01/13/2024  3:00 AM, 46
01/13/2024  4:00 AM, 46
01/13/2024  5:00 AM, 18.4046
01/13/2024  6:00 AM, 0
01/13/2024  7:00 AM, 0
01/13/2024  8:00 AM, 0
01/13/2024  9:00 AM, 46
01/13/2024 10:00 AM, 46
01/13/2024 11:00 AM, 18.4046
01/13/2024 12:00 PM, 0
01/13/2024  1:00 PM, 0
01/13/2024  2:00 PM, 0
01/13/2024  3:00 PM, 0
01/13/2024  4:00 PM, 0
01/13/2024  5:00 PM, 0
01/13/2024  6:00 PM, 0
01/13/2024  7:00 PM, 0
01/13/2024  8:00 PM, 0
01/13/2024  9:00 PM, 0
01/13/2024 10:00 PM, 0
01/13/2024 11:00 PM, 0
01/14/2024 12:00 AM, 0
01/14/2024  1:00 AM, 0
01/14/2024  2:00 AM, 0
01/14/2024  3:00 AM, 0
01/14/2024  4:00 AM, 0
01/14/2024  5:00 AM, 0
01/14/2024  6:00 AM, 0
01/14/2024  7:00 AM, 0
01/14/2024  8:00 AM, 0
01/14/2024  9:00 AM, 46
01/14/2024 10:00 AM, 46
01/14/2024 11:00 AM, 46
01/14/2024 12:00 PM, 46
01/14/2024  1:00 PM, 17.566
01/14/2024  2:00 PM, 0
01/14/2024  3:00 PM, 0
01/14/2024  4:00 PM, 0
01/14/2024  5:00 PM, 0
01/14/2024  6:00 PM, 0
01/14/2024  7:00 PM, 0
01/14/2024  8:00 PM, 0
01/14/2024  9:00 PM, 0
01/14/2024 10:00 PM, 0
01/14/2024 11:00 PM, 0
01/15/2024 12:00 AM, 0
01/15/2024  1:00 AM, 0
01/15/2024  2:00 AM, 0
01/15/2024  3:00 AM, 17.566
01/15/2024  4:00 AM, 46
01/15/2024  5:00 AM, 0
01/15/2024  6:00 AM, 0
01/15/2024  7:00 AM, 0
01/15/2024  8:00 AM, 0
01/15/2024  9:00 AM, 46
01/15/2024 10:00 AM, 46
01/15/2024 11:00 AM, 46
01/15/2024 12:00 PM, 0
01/15/2024  1:00 PM, 0
01/15/2024  2:00 PM, 0
01/15/2024  3:00 PM, 0
01/15/2024  4:00 PM, 19.2427
01/15/2024  5:00 PM, 0
01/15/2024  6:00 PM, 0
01/15/2024  7:00 PM, 0
01/15/2024  8:00 PM, 0
01/15/2024  9:00 PM, 0
01/15/2024 10:00 PM, 0
01/15/2024 11:00 PM, 0
01/16/2024 12:00 AM, 9.2023
01/16/2024  1:00 AM, 0
01/16/2024  2:00 AM, 0
01/16/2024  3:00 AM, 0
01/16/2024  4:00 AM, 46
01/16/2024  5:00 AM, 0
01/16/2024  6:00 AM, 0
01/16/2024  7:00 AM, 0
01/16/2024  8:00 AM, 17.566
01/16/2024  9:00 AM, 46
01/16/2024 10:00 AM, 46
01/16/2024 11:00 AM, 46
01/16/2024 12:00 PM, 46
01/16/2024  1:00 PM, 0
01/16/2024  2:00 PM, 0
01/16/2024  3:00 PM, 0
01/16/2024  4:00 PM, 0
01/16/2024  5:00 PM, 0
01/16/2024  6:00 PM, 0
01/16/2024  7:00 PM, 0
01/16/2024  8:00 PM, 0
01/16/2024  9:00 PM, 0
01/16/2024 10:00 PM, 0
01/16/2024 11:00 PM, 0
01/17/2024 12:00 AM, 0
01/17/2024  1:00 AM, 0
01/17/2024  2:00 AM, 0
01/17/2024  3:00 AM, 46
01/17/2024  4:00 AM, 9.2023
01/17/2024  5:00 AM, 0
01/17/2024  6:00 AM, 0
01/17/2024  7:00 AM, 0
01/17/2024  8:00 AM, 17.566
01/17/2024  9:00 AM, 46
01/17/2024 10:00 AM, 46
01/17/2024 11:00 AM, 46
01/17/2024 12:00 PM, 0
01/17/2024  1:00 PM, 46
01/17/2024  2:00 PM, 0
01/17/2024  3:00 PM, 0
01/17/2024  4:00 PM, 0
01/17/2024  5:00 PM, 0
01/17/2024  6:00 PM, 0
01/17/2024  7:00 PM, 0
01/17/2024  8:00 PM, 0
01/17/2024  9:00 PM, 0
01/17/2024 10:00 PM, 0
01/17/2024 11:00 PM, 0
01/18/2024 12:00 AM, 0
01/18/2024  1:00 AM, 0
01/18/2024  2:00 AM, 0
01/18/2024  3:00 AM, 0
01/18/2024  4:00 AM, 0
01/18/2024  5:00 AM, 0
01/18/2024  6:00 AM, 0
01/18/2024  7:00 AM, 0
01/18/2024  8:00 AM, 0
01/18/2024  9:00 AM, 0
01/18/2024 10:00 AM, 27.6064
01/18/2024 11:00 AM, 46
01/18/2024 12:00 PM, 46
01/18/2024  1:00 PM, 0
01/18/2024  2:00 PM, 46
01/18/2024  3:00 PM, 0
01/18/2024  4:00 PM, 0
01/18/2024  5:00 PM, 0
01/18/2024  6:00 PM, 0
01/18/2024  7:00 PM, 0
01/18/2024  8:00 PM, 0
01/18/2024  9:00 PM, 0
01/18/2024 10:00 PM, 0
01/18/2024 11:00 PM, 0
01/19/2024 12:00 AM, 0
01/19/2024  1:00 AM, 0
01/19/2024  2:00 AM, 0
01/19/2024  3:00 AM, 0
01/19/2024  4:00 AM, 0
01/19/2024  5:00 AM, 0
01/19/2024  6:00 AM, 0
01/19/2024  7:00 AM, 0
01/19/2024  8:00 AM, 0
01/19/2024  9:00 AM, 0
01/19/2024 10:00 AM, 46
01/19/2024 11:00 AM, 46
01/19/2024 12:00 PM, 46
01/19/2024  1:00 PM, 46
01/19/2024  2:00 PM, 17.566
01/19/2024  3:00 PM, 0
01/19/2024  4:00 PM, 0
01/19/2024  5:00 PM, 0
01/19/2024  6:00 PM, 0
01/19/2024  7:00 PM, 0
01/19/2024  8:00 PM, 0
01/19/2024  9:00 PM, 0
01/19/2024 10:00 PM, 0
01/19/2024 11:00 PM, 0
01/20/2024 12:00 AM, 46
01/20/2024  1:00 AM, 0
01/20/2024  2:00 AM, 18.4046
01/20/2024  3:00 AM, 0
01/20/2024  4:00 AM, 46
01/20/2024  5:00 AM, 0
01/20/2024  6:00 AM, 0
01/20/2024  7:00 AM, 0
01/20/2024  8:00 AM, 17.566
01/20/2024  9:00 AM, 46
01/20/2024 10:00 AM, 46
01/20/2024 11:00 AM, 46
01/20/2024 12:00 PM, 46
01/20/2024  1:00 PM, 0
01/20/2024  2:00 PM, 0
01/20/2024  3:00 PM, 0
01/20/2024  4:00 PM, 0
01/20/2024  5:00 PM, 0
01/20/2024  6:00 PM, 0
01/20/2024  7:00 PM, 0
01/20/2024  8:00 PM, 0
01/20/2024  9:00 PM, 0
01/20/2024 10:00 PM, 0
01/20/2024 11:00 PM, 0
01/21/2024 12:00 AM, 0
01/21/2024  1:00 AM, 0
01/21/2024  2:00 AM, 0
01/21/2024  3:00 AM, 0
01/21/2024  4:00 AM, 0
01/21/2024  5:00 AM, 0
01/21/2024  6:00 AM, 0
01/21/2024  7:00 AM, 0
01/21/2024  8:00 AM, 46
01/21/2024  9:00 AM, 46
01/21/2024 10:00 AM, 0
01/21/2024 11:00 AM, 46
01/21/2024 12:00 PM, 46
01/21/2024  1:00 PM, 0
01/21/2024  2:00 PM, 17.566
01/21/2024  3:00 PM, 0
01/21/2024  4:00 PM, 0
01/21/2024  5:00 PM, 0
01/21/2024  6:00 PM, 0
01/21/2024  7:00 PM, 0
01/21/2024  8:00 PM, 0
01/21/2024  9:00 PM, 0
01/21/2024 10:00 PM, 0
01/21/2024 11:00 PM, 0
01/22/2024 12:00 AM, 0
01/22/2024  1:00 AM, 0
01/22/2024  2:00 AM, 0
01/22/2024  3:00 AM, 0
01/22/2024  4:00 AM, 0
01/22/2024  5:00 AM, 0
01/22/2024  6:00 AM, 0
01/22/2024  7:00 AM, 0
01/22/2024  8:00 AM, 0
01/22/2024  9:00 AM, 0
01/22/2024 10:00 AM, 0
01/22/2024 11:00 AM, 0
01/22/2024 12:00 PM, 0
01/22/2024  1:00 PM, 0
01/22/2024  2:00 PM, 0
01/22/2024  3:00 PM, 0
01/22/2024  4:00 PM, 0
01/22/2024  5:00 PM, 0
01/22/2024  6:00 PM, 0
01/22/2024  7:00 PM, 0
01/22/2024  8:00 PM, 0
01/22/2024  9:00 PM, 0
01/22/2024 10:00 PM, 0
01/22/2024 11:00 PM, 0
01/23/2024 12:00 AM, 0
01/23/2024  1:00 AM, 0
01/23/2024  2:00 AM, 9.2023
01/23/2024  3:00 AM, 0
01/23/2024  4:00 AM, 46
01/23/2024  5:00 AM, 0
01/23/2024  6:00 AM, 0
01/23/2024  7:00 AM, 0
01/23/2024  8:00 AM, 0
01/23/2024  9:00 AM, 46
01/23/2024 10:00 AM, 46
01/23/2024 11:00 AM, 46
01/23/2024 12:00 PM, 0
01/23/2024  1:00 PM, 0
01/23/2024  2:00 PM, 0
01/23/2024  3:00 PM, 0
01/23/2024  4:00 PM, 0
01/23/2024  5:00 PM, 0
01/23/2024  6:00 PM, 0
01/23/2024  7:00 PM, 0
01/23/2024  8:00 PM, 0
01/23/2024  9:00 PM, 0
01/23/2024 10:00 PM, 0
01/23/2024 11:00 PM, 0
01/24/2024 12:00 AM, 26.7683
01/24/2024  1:00 AM, 0
01/24/2024  2:00 AM, 0
01/24/2024  3:00 AM, 46
01/24/2024  4:00 AM, 46
01/24/2024  5:00 AM, 0
01/24/2024  6:00 AM, 0
01/24/2024  7:00 AM, 0
01/24/2024  8:00 AM, 46
01/24/2024  9:00 AM, 46
01/24/2024 10:00 AM, 0
01/24/2024 11:00 AM, 0
01/24/2024 12:00 PM, 0
01/24/2024  1:00 PM, 0
01/24/2024  2:00 PM, 46
01/24/2024  3:00 PM, 0
01/24/2024  4:00 PM, 0
01/24/2024  5:00 PM, 0
01/24/2024  6:00 PM, 0
01/24/2024  7:00 PM, 0
01/24/2024  8:00 PM, 0
01/24/2024  9:00 PM, 0
01/24/2024 10:00 PM, 0
01/24/2024 11:00 PM, 0
01/25/2024 12:00 AM, 0
01/25/2024  1:00 AM, 0
01/25/2024  2:00 AM, 0
01/25/2024  3:00 AM, 0
01/25/2024  4:00 AM, 0
01/25/2024  5:00 AM, 0
01/25/2024  6:00 AM, 0
01/25/2024  7:00 AM, 0
01/25/2024  8:00 AM, 0
01/25/2024  9:00 AM, 18.4046
01/25/2024 10:00 AM, 0
01/25/2024 11:00 AM, 46
01/25/2024 12:00 PM, 46
01/25/2024  1:00 PM, 0
01/25/2024  2:00 PM, 0
01/25/2024  3:00 PM, 0
01/25/2024  4:00 PM, 0
01/25/2024  5:00 PM, 0
01/25/2024  6:00 PM, 0
01/25/2024  7:00 PM, 0
01/25/2024  8:00 PM, 0
01/25/2024  9:00 PM, 0
01/25/2024 10:00 PM, 0
01/25/2024 11:00 PM, 0
01/26/2024 12:00 AM, 0
01/26/2024  1:00 AM, 0
01/26/2024  2:00 AM, 0
01/26/2024  3:00 AM, 0
01/26/2024  4:00 AM, 0
01/26/2024  5:00 AM, 0
01/26/2024  6:00 AM, 0
01/26/2024  7:00 AM, 0
01/26/2024  8:00 AM, 0
01/26/2024  9:00 AM, 0
01/26/2024 10:00 AM, 0
01/26/2024 11:00 AM, 0
01/26/2024 12:00 PM, 46
01/26/2024  1:00 PM, 0
01/26/2024  2:00 PM, 0
01/26/2024  3:00 PM, 0
01/26/2024  4:00 PM, 0
01/26/2024  5:00 PM, 0
01/26/2024  6:00 PM, 0
01/26/2024  7:00 PM, 0
01/26/2024  8:00 PM, 0
01/26/2024  9:00 PM, 0
01/26/2024 10:00 PM, 0
01/26/2024 11:00 PM, 0
01/27/2024 12:00 AM, 0
01/27/2024  1:00 AM, 46
01/27/2024  2:00 AM, 46
01/27/2024  3:00 AM, 46
01/27/2024  4:00 AM, 46
01/27/2024  5:00 AM, 0
01/27/2024  6:00 AM, 0
01/27/2024  7:00 AM, 0
01/27/2024  8:00 AM, 26.7683
01/27/2024  9:00 AM, 46
01/27/2024 10:00 AM, 0
01/27/2024 11:00 AM, 0
01/27/2024 12:00 PM, 0
01/27/2024  1:00 PM, 0
01/27/2024  2:00 PM, 0
01/27/2024  3:00 PM, 0
01/27/2024  4:00 PM, 46
01/27/2024  5:00 PM, 0
01/27/2024  6:00 PM, 0
01/27/2024  7:00 PM, 0
01/27/2024  8:00 PM, 0
01/27/2024  9:00 PM, 46
01/27/2024 10:00 PM, 0
01/27/2024 11:00 PM, 0
01/28/2024 12:00 AM, 0
01/28/2024  1:00 AM, 0
01/28/2024  2:00 AM, 46
01/28/2024  3:00 AM, 0
01/28/2024  4:00 AM, 9.2023
01/28/2024  5:00 AM, 0
01/28/2024  6:00 AM, 0
01/28/2024  7:00 AM, 0
01/28/2024  8:00 AM, 0
01/28/2024  9:00 AM, 0
01/28/2024 10:00 AM, 0
01/28/2024 11:00 AM, 0
01/28/2024 12:00 PM, 0
01/28/2024  1:00 PM, 0
01/28/2024  2:00 PM, 0
01/28/2024  3:00 PM, 0
01/28/2024  4:00 PM, 0
01/28/2024  5:00 PM, 0
01/28/2024  6:00 PM, 0
01/28/2024  7:00 PM, 0
01/28/2024  8:00 PM, 0
01/28/2024  9:00 PM, 0
01/28/2024 10:00 PM, 0
01/28/2024 11:00 PM, 0
01/29/2024 12:00 AM, 9.2023
01/29/2024  1:00 AM, 0
01/29/2024  2:00 AM, 0
01/29/2024  3:00 AM, 0
01/29/2024  4:00 AM, 46
01/29/2024  5:00 AM, 0
01/29/2024  6:00 AM, 0
01/29/2024  7:00 AM, 0
01/29/2024  8:00 AM, 0
01/29/2024  9:00 AM, 46
01/29/2024 10:00 AM, 27.6064
01/29/2024 11:00 AM, 46
01/29/2024 12:00 PM, 46
01/29/2024  1:00 PM, 0
01/29/2024  2:00 PM, 0
01/29/2024  3:00 PM, 0
01/29/2024  4:00 PM, 0
01/29/2024  5:00 PM, 0
01/29/2024  6:00 PM, 0
01/29/2024  7:00 PM, 0
01/29/2024  8:00 PM, 0
01/29/2024  9:00 PM, 0
01/29/2024 10:00 PM, 0
01/29/2024 11:00 PM, 0
01/30/2024 12:00 AM, 0
01/30/2024  1:00 AM, 46
01/30/2024  2:00 AM, 46
01/30/2024  3:00 AM, 46
01/30/2024  4:00 AM, 17.566
01/30/2024  5:00 AM, 0
01/30/2024  6:00 AM, 0
01/30/2024  7:00 AM, 0
01/30/2024  8:00 AM, 0
01/30/2024  9:00 AM, 0
01/30/2024 10:00 AM, 0
01/30/2024 11:00 AM, 0
01/30/2024 12:00 PM, 0
01/30/2024  1:00 PM, 46
01/30/2024  2:00 PM, 0
01/30/2024  3:00 PM, 0
01/30/2024  4:00 PM, 0
01/30/2024  5:00 PM, 46
01/30/2024  6:00 PM, 0
01/30/2024  7:00 PM, 0
01/30/2024  8:00 PM, 0
01/30/2024  9:00 PM, 0
01/30/2024 10:00 PM, 0
01/30/2024 11:00 PM, 0
01/31/2024 12:00 AM, 0
01/31/2024  1:00 AM, 46
01/31/2024  2:00 AM, 0
01/31/2024  3:00 AM, 18.4046
01/31/2024  4:00 AM, 0
01/31/2024  5:00 AM, 46
01/31/2024  6:00 AM, 0
01/31/2024  7:00 AM, 0
01/31/2024  8:00 AM, 0
01/31/2024  9:00 AM, 0
01/31/2024 10:00 AM, 0
01/31/2024 11:00 AM, 27.6064
01/31/2024 12:00 PM, 46
01/31/2024  1:00 PM, 46
01/31/2024  2:00 PM, 46
01/31/2024  3:00 PM, 0
01/31/2024  4:00 PM, 0
01/31/2024  5:00 PM, 0
01/31/2024  6:00 PM, 0
01/31/2024  7:00 PM, 0
01/31/2024  8:00 PM, 0
01/31/2024  9:00 PM, 0
01/31/2024 10:00 PM, 0
01/31/2024 11:00 PM, 0
02/01/2024 12:00 AM, 0
02/01/2024  1:00 AM, 0
02/01/2024  2:00 AM, 0
02/01/2024  3:00 AM, 0
02/01/2024  4:00 AM, 0
02/01/2024  5:00 AM, 0
02/01/2024  6:00 AM, 0
02/01/2024  7:00 AM, 0
02/01/2024  8:00 AM, 0
02/01/2024  9:00 AM, 0
02/01/2024 10:00 AM, 17.566
02/01/2024 11:00 AM, 46
02/01/2024 12:00 PM, 46
02/01/2024  1:00 PM, 46
02/01/2024  2:00 PM, 46
02/01/2024  3:00 PM, 0
02/01/2024  4:00 PM, 0
02/01/2024  5:00 PM, 0
02/01/2024  6:00 PM, 0
02/01/2024  7:00 PM, 0
02/01/2024  8:00 PM, 19.2427
02/01/2024  9:00 PM, 0
02/01/2024 10:00 PM, 0
02/01/2024 11:00 PM, 0
02/02/2024 12:00 AM, 0
02/02/2024  1:00 AM, 0
02/02/2024  2:00 AM, 0
02/02/2024  3:00 AM, 0
02/02/2024  4:00 AM, 0
02/02/2024  5:00 AM, 0
02/02/2024  6:00 AM, 0
02/02/2024  7:00 AM, 0
02/02/2024  8:00 AM, 0
02/02/2024  9:00 AM, 0
02/02/2024 10:00 AM, 46
02/02/2024 11:00 AM, 46
02/02/2024 12:00 PM, 46
02/02/2024  1:00 PM, 46
02/02/2024  2:00 PM, 17.566
02/02/2024  3:00 PM, 0
02/02/2024  4:00 PM, 0
02/02/2024  5:00 PM, 0
02/02/2024  6:00 PM, 0
02/02/2024  7:00 PM, 0
02/02/2024  8:00 PM, 0
02/02/2024  9:00 PM, 0
02/02/2024 10:00 PM, 0
02/02/2024 11:00 PM, 0
02/03/2024 12:00 AM, 46
02/03/2024  1:00 AM, 18.4046
02/03/2024  2:00 AM, 0
02/03/2024  3:00 AM, 46
02/03/2024  4:00 AM, 0
02/03/2024  5:00 AM, 0
02/03/2024  6:00 AM, 0
02/03/2024  7:00 AM, 0
02/03/2024  8:00 AM, 0
02/03/2024  9:00 AM, 0
02/03/2024 10:00 AM, 0
02/03/2024 11:00 AM, 46
02/03/2024 12:00 PM, 46
02/03/2024  1:00 PM, 0
02/03/2024  2:00 PM, 0
02/03/2024  3:00 PM, 0
02/03/2024  4:00 PM, 0
02/03/2024  5:00 PM, 0
02/03/2024  6:00 PM, 0
02/03/2024  7:00 PM, 0
02/03/2024  8:00 PM, 0
02/03/2024  9:00 PM, 0
02/03/2024 10:00 PM, 0
02/03/2024 11:00 PM, 0
02/04/2024 12:00 AM, 0
02/04/2024  1:00 AM, 0
02/04/2024  2:00 AM, 0
02/04/2024  3:00 AM, 0
02/04/2024  4:00 AM, 0
02/04/2024  5:00 AM, 0
02/04/2024  6:00 AM, 0
02/04/2024  7:00 AM, 0
02/04/2024  8:00 AM, 0
02/04/2024  9:00 AM, 0
02/04/2024 10:00 AM, 46
02/04/2024 11:00 AM, 46
02/04/2024 12:00 PM, 46
02/04/2024  1:00 PM, 17.566
02/04/2024  2:00 PM, 46
02/04/2024  3:00 PM, 0
02/04/2024  4:00 PM, 0
02/04/2024  5:00 PM, 0
02/04/2024  6:00 PM, 0
02/04/2024  7:00 PM, 0
02/04/2024  8:00 PM, 0
02/04/2024  9:00 PM, 0
02/04/2024 10:00 PM, 0
02/04/2024 11:00 PM, 0
02/05/2024 12:00 AM, 0
02/05/2024  1:00 AM, 18.4046
02/05/2024  2:00 AM, 0
02/05/2024  3:00 AM, 46
02/05/2024  4:00 AM, 46
02/05/2024  5:00 AM, 0
02/05/2024  6:00 AM, 0
02/05/2024  7:00 AM, 0
02/05/2024  8:00 AM, 0
02/05/2024  9:00 AM, 46
02/05/2024 10:00 AM, 18.4046
02/05/2024 11:00 AM, 0
02/05/2024 12:00 PM, 0
02/05/2024  1:00 PM, 46
02/05/2024  2:00 PM, 0
02/05/2024  3:00 PM, 0
02/05/2024  4:00 PM, 0
02/05/2024  5:00 PM, 0
02/05/2024  6:00 PM, 0
02/05/2024  7:00 PM, 0
02/05/2024  8:00 PM, 0
02/05/2024  9:00 PM, 0
02/05/2024 10:00 PM, 0
02/05/2024 11:00 PM, 0
02/06/2024 12:00 AM, 0
02/06/2024  1:00 AM, 0
02/06/2024  2:00 AM, 0
02/06/2024  3:00 AM, 0
02/06/2024  4:00 AM, 0
02/06/2024  5:00 AM, 0
02/06/2024  6:00 AM, 0
02/06/2024  7:00 AM, 0
02/06/2024  8:00 AM, 0
02/06/2024  9:00 AM, 0
02/06/2024 10:00 AM, 0
02/06/2024 11:00 AM, 46
02/06/2024 12:00 PM, 46
02/06/2024  1:00 PM, 0
02/06/2024  2:00 PM, 18.4046
02/06/2024  3:00 PM, 0
02/06/2024  4:00 PM, 0
02/06/2024  5:00 PM, 0
02/06/2024  6:00 PM, 0
02/06/2024  7:00 PM, 0
02/06/2024  8:00 PM, 0
02/06/2024  9:00 PM, 0
02/06/2024 10:00 PM, 0
02/06/2024 11:00 PM, 0
02/07/2024 12:00 AM, 0
02/07/2024  1:00 AM, 0
02/07/2024  2:00 AM, 0
02/07/2024  3:00 AM, 0
02/07/2024  4:00 AM, 0
02/07/2024  5:00 AM, 0
02/07/2024  6:00 AM, 0
02/07/2024  7:00 AM, 0
02/07/2024  8:00 AM, 0
02/07/2024  9:00 AM, 46
02/07/2024 10:00 AM, 46
02/07/2024 11:00 AM, 0
02/07/2024 12:00 PM, 46
02/07/2024  1:00 PM, 0
02/07/2024  2:00 PM, 27.6064
02/07/2024  3:00 PM, 0
02/07/2024  4:00 PM, 0
02/07/2024  5:00 PM, 0
02/07/2024  6:00 PM, 0
02/07/2024  7:00 PM, 0
02/07/2024  8:00 PM, 0
02/07/2024  9:00 PM, 0
02/07/2024 10:00 PM, 0
02/07/2024 11:00 PM, 0
02/08/2024 12:00 AM, 0
02/08/2024  1:00 AM, 0
02/08/2024  2:00 AM, 0
02/08/2024  3:00 AM, 0
02/08/2024  4:00 AM, 9.2023
02/08/2024  5:00 AM, 46
02/08/2024  6:00 AM, 0
02/08/2024  7:00 AM, 0
02/08/2024  8:00 AM, 0
02/08/2024  9:00 AM, 0
02/08/2024 10:00 AM, 46
02/08/2024 11:00 AM, 17.566
02/08/2024 12:00 PM, 46
02/08/2024  1:00 PM, 46
02/08/2024  2:00 PM, 46
02/08/2024  3:00 PM, 0
02/08/2024  4:00 PM, 0
02/08/2024  5:00 PM, 0
02/08/2024  6:00 PM, 0
02/08/2024  7:00 PM, 0
02/08/2024  8:00 PM, 0
02/08/2024  9:00 PM, 0
02/08/2024 10:00 PM, 0
02/08/2024 11:00 PM, 0
02/09/2024 12:00 AM, 0
02/09/2024  1:00 AM, 0
02/09/2024  2:00 AM, 0
02/09/2024  3:00 AM, 0
02/09/2024  4:00 AM, 0
02/09/2024  5:00 AM, 0
02/09/2024  6:00 AM, 0
02/09/2024  7:00 AM, 0
02/09/2024  8:00 AM, 0
02/09/2024  9:00 AM, 0
02/09/2024 10:00 AM, 46
02/09/2024 11:00 AM, 46
02/09/2024 12:00 PM, 46
02/09/2024  1:00 PM, 46
02/09/2024  2:00 PM, 17.566
02/09/2024  3:00 PM, 0
02/09/2024  4:00 PM, 0
02/09/2024  5:00 PM, 0
02/09/2024  6:00 PM, 0
02/09/2024  7:00 PM, 0
02/09/2024  8:00 PM, 0
02/09/2024  9:00 PM, 0
02/09/2024 10:00 PM, 0
02/09/2024 11:00 PM, 0
02/10/2024 12:00 AM, 0
02/10/2024  1:00 AM, 0
02/10/2024  2:00 AM, 0
02/10/2024  3:00 AM, 0
02/10/2024  4:00 AM, 0
02/10/2024  5:00 AM, 0
02/10/2024  6:00 AM, 0
02/10/2024  7:00 AM, 0
02/10/2024  8:00 AM, 0
02/10/2024  9:00 AM, 46
02/10/2024 10:00 AM, 46
02/10/2024 11:00 AM, 0
02/10/2024 12:00 PM, 18.4046
02/10/2024  1:00 PM, 0
02/10/2024  2:00 PM, 0
02/10/2024  3:00 PM, 0
02/10/2024  4:00 PM, 0
02/10/2024  5:00 PM, 0
02/10/2024  6:00 PM, 0
02/10/2024  7:00 PM, 0
02/10/2024  8:00 PM, 0
02/10/2024  9:00 PM, 0
02/10/2024 10:00 PM, 0
02/10/2024 11:00 PM, 0
02/11/2024 12:00 AM, 9.2023
02/11/2024  1:00 AM, 0
02/11/2024  2:00 AM, 0
02/11/2024  3:00 AM, 46
02/11/2024  4:00 AM, 0
02/11/2024  5:00 AM, 0
02/11/2024  6:00 AM, 0
02/11/2024  7:00 AM, 0
02/11/2024  8:00 AM, 0
02/11/2024  9:00 AM, 0
02/11/2024 10:00 AM, 46
02/11/2024 11:00 AM, 46
02/11/2024 12:00 PM, 18.4046
02/11/2024  1:00 PM, 0
02/11/2024  2:00 PM, 0
02/11/2024  3:00 PM, 0
02/11/2024  4:00 PM, 0
02/11/2024  5:00 PM, 0
02/11/2024  6:00 PM, 0
02/11/2024  7:00 PM, 0
02/11/2024  8:00 PM, 0
02/11/2024  9:00 PM, 0
02/11/2024 10:00 PM, 0
02/11/2024 11:00 PM, 0
02/12/2024 12:00 AM, 0
02/12/2024  1:00 AM, 0
02/12/2024  2:00 AM, 46
02/12/2024  3:00 AM, 9.2023
02/12/2024  4:00 AM, 0
02/12/2024  5:00 AM, 0
02/12/2024  6:00 AM, 0
02/12/2024  7:00 AM, 0
02/12/2024  8:00 AM, 0
02/12/2024  9:00 AM, 0
02/12/2024 10:00 AM, 17.566
02/12/2024 11:00 AM, 46
02/12/2024 12:00 PM, 46
02/12/2024  1:00 PM, 46
02/12/2024  2:00 PM, 46
02/12/2024  3:00 PM, 0
02/12/2024  4:00 PM, 0
02/12/2024  5:00 PM, 0
02/12/2024  6:00 PM, 0
02/12/2024  7:00 PM, 0
02/12/2024  8:00 PM, 0
02/12/2024  9:00 PM, 0
02/12/2024 10:00 PM, 0
02/12/2024 11:00 PM, 0
02/13/2024 12:00 AM, 18.4046
02/13/2024  1:00 AM, 46
02/13/2024  2:00 AM, 0
02/13/2024  3:00 AM, 46
02/13/2024  4:00 AM, 0
02/13/2024  5:00 AM, 0
02/13/2024  6:00 AM, 0
02/13/2024  7:00 AM, 0
02/13/2024  8:00 AM, 0
02/13/2024  9:00 AM, 18.4046
02/13/2024 10:00 AM, 46
02/13/2024 11:00 AM, 46
02/13/2024 12:00 PM, 0
02/13/2024  1:00 PM, 0
02/13/2024  2:00 PM, 0
02/13/2024  3:00 PM, 0
02/13/2024  4:00 PM, 0
02/13/2024  5:00 PM, 0
02/13/2024  6:00 PM, 0
02/13/2024  7:00 PM, 0
02/13/2024  8:00 PM, 0
02/13/2024  9:00 PM, 0
02/13/2024 10:00 PM, 0
02/13/2024 11:00 PM, 0
02/14/2024 12:00 AM, 0
02/14/2024  1:00 AM, 0
02/14/2024  2:00 AM, 0
02/14/2024  3:00 AM, 0
02/14/2024  4:00 AM, 0
02/14/2024  5:00 AM, 0
02/14/2024  6:00 AM, 0
02/14/2024  7:00 AM, 0
02/14/2024  8:00 AM, 46
02/14/2024  9:00 AM, 46
02/14/2024 10:00 AM, 46
02/14/2024 11:00 AM, 46
02/14/2024 12:00 PM, 17.566
02/14/2024  1:00 PM, 0
02/14/2024  2:00 PM, 0
02/14/2024  3:00 PM, 0
02/14/2024  4:00 PM, 0
02/14/2024  5:00 PM, 0
02/14/2024  6:00 PM, 0
02/14/2024  7:00 PM, 0
02/14/2024  8:00 PM, 0
02/14/2024  9:00 PM, 0
02/14/2024 10:00 PM, 0
02/14/2024 11:00 PM, 0
02/15/2024 12:00 AM, 0
02/15/2024  1:00 AM, 0
02/15/2024  2:00 AM, 0
02/15/2024  3:00 AM, 0
02/15/2024  4:00 AM, 0
02/15/2024  5:00 AM, 0
02/15/2024  6:00 AM, 0
02/15/2024  7:00 AM, 0
02/15/2024  8:00 AM, 0
02/15/2024  9:00 AM, 46
02/15/2024 10:00 AM, 46
02/15/2024 11:00 AM, 46
02/15/2024 12:00 PM, 0
02/15/2024  1:00 PM, 0
02/15/2024  2:00 PM, 0
02/15/2024  3:00 PM, 0
02/15/2024  4:00 PM, 0
02/15/2024  5:00 PM, 0
02/15/2024  6:00 PM, 0
02/15/2024  7:00 PM, 0
02/15/2024  8:00 PM, 0
02/15/2024  9:00 PM, 0
02/15/2024 10:00 PM, 0
02/15/2024 11:00 PM, 0
02/16/2024 12:00 AM, 0
02/16/2024  1:00 AM, 0
02/16/2024  2:00 AM, 0
02/16/2024  3:00 AM, 0
02/16/2024  4:00 AM, 0
02/16/2024  5:00 AM, 0
02/16/2024  6:00 AM, 0
02/16/2024  7:00 AM, 0
02/16/2024  8:00 AM, 0
02/16/2024  9:00 AM, 46
02/16/2024 10:00 AM, 46
02/16/2024 11:00 AM, 46
02/16/2024 12:00 PM, 0
02/16/2024  1:00 PM, 46
02/16/2024  2:00 PM, 17.566
02/16/2024  3:00 PM, 0
02/16/2024  4:00 PM, 0
02/16/2024  5:00 PM, 0
02/16/2024  6:00 PM, 0
02/16/2024  7:00 PM, 0
02/16/2024  8:00 PM, 0
02/16/2024  9:00 PM, 0
02/16/2024 10:00 PM, 0
02/16/2024 11:00 PM, 0
02/17/2024 12:00 AM, 18.4046
02/17/2024  1:00 AM, 46
02/17/2024  2:00 AM, 46
02/17/2024  3:00 AM, 0
02/17/2024  4:00 AM, 0
02/17/2024  5:00 AM, 0
02/17/2024  6:00 AM, 0
02/17/2024  7:00 AM, 0
02/17/2024  8:00 AM, 0
02/17/2024  9:00 AM, 17.566
02/17/2024 10:00 AM, 46
02/17/2024 11:00 AM, 46
02/17/2024 12:00 PM, 46
02/17/2024  1:00 PM, 46
02/17/2024  2:00 PM, 0
02/17/2024  3:00 PM, 0
02/17/2024  4:00 PM, 0
02/17/2024  5:00 PM, 0
02/17/2024  6:00 PM, 0
02/17/2024  7:00 PM, 0
02/17/2024  8:00 PM, 0
02/17/2024  9:00 PM, 0
02/17/2024 10:00 PM, 0
02/17/2024 11:00 PM, 0
02/18/2024 12:00 AM, 0
02/18/2024  1:00 AM, 0
02/18/2024  2:00 AM, 0
02/18/2024  3:00 AM, 0
02/18/2024  4:00 AM, 0
02/18/2024  5:00 AM, 0
02/18/2024  6:00 AM, 0
02/18/2024  7:00 AM, 0
02/18/2024  8:00 AM, 0
02/18/2024  9:00 AM, 46
02/18/2024 10:00 AM, 46
02/18/2024 11:00 AM, 46
02/18/2024 12:00 PM, 46
02/18/2024  1:00 PM, 17.566
02/18/2024  2:00 PM, 0
02/18/2024  3:00 PM, 0
02/18/2024  4:00 PM, 0
02/18/2024  5:00 PM, 0
02/18/2024  6:00 PM, 0
02/18/2024  7:00 PM, 0
02/18/2024  8:00 PM, 0
02/18/2024  9:00 PM, 0
02/18/2024 10:00 PM, 0
02/18/2024 11:00 PM, 0
02/19/2024 12:00 AM, 0
02/19/2024  1:00 AM, 46
02/19/2024  2:00 AM, 18.4046
02/19/2024  3:00 AM, 46
02/19/2024  4:00 AM, 0
02/19/2024  5:00 AM, 0
02/19/2024  6:00 AM, 0
02/19/2024  7:00 AM, 0
02/19/2024  8:00 AM, 0
02/19/2024  9:00 AM, 17.566
02/19/2024 10:00 AM, 0
02/19/2024 11:00 AM, 46
02/19/2024 12:00 PM, 46
02/19/2024  1:00 PM, 46
02/19/2024  2:00 PM, 46
02/19/2024  3:00 PM, 0
02/19/2024  4:00 PM, 0
02/19/2024  5:00 PM, 0
02/19/2024  6:00 PM, 0
02/19/2024  7:00 PM, 0
02/19/2024  8:00 PM, 0
02/19/2024  9:00 PM, 0
02/19/2024 10:00 PM, 0
02/19/2024 11:00 PM, 0
02/20/2024 12:00 AM, 9.2023
02/20/2024  1:00 AM, 0
02/20/2024  2:00 AM, 0
02/20/2024  3:00 AM, 46
02/20/2024  4:00 AM, 0
02/20/2024  5:00 AM, 0
02/20/2024  6:00 AM, 0
02/20/2024  7:00 AM, 0
02/20/2024  8:00 AM, 0
02/20/2024  9:00 AM, 46
02/20/2024 10:00 AM, 46
02/20/2024 11:00 AM, 46
02/20/2024 12:00 PM, 46
02/20/2024  1:00 PM, 0
02/20/2024  2:00 PM, 17.566
02/20/2024  3:00 PM, 0
02/20/2024  4:00 PM, 0
02/20/2024  5:00 PM, 0
02/20/2024  6:00 PM, 0
02/20/2024  7:00 PM, 0
02/20/2024  8:00 PM, 0
02/20/2024  9:00 PM, 0
02/20/2024 10:00 PM, 0
02/20/2024 11:00 PM, 0
02/21/2024 12:00 AM, 0
02/21/2024  1:00 AM, 9.2023
02/21/2024  2:00 AM, 0
02/21/2024  3:00 AM, 46
02/21/2024  4:00 AM, 0
02/21/2024  5:00 AM, 0
02/21/2024  6:00 AM, 0
02/21/2024  7:00 AM, 0
02/21/2024  8:00 AM, 0
02/21/2024  9:00 AM, 46
02/21/2024 10:00 AM, 46
02/21/2024 11:00 AM, 46
02/21/2024 12:00 PM, 0
02/21/2024  1:00 PM, 46
02/21/2024  2:00 PM, 17.566
02/21/2024  3:00 PM, 0
02/21/2024  4:00 PM, 0
02/21/2024  5:00 PM, 0
02/21/2024  6:00 PM, 0
02/21/2024  7:00 PM, 0
02/21/2024  8:00 PM, 0
02/21/2024  9:00 PM, 0
02/21/2024 10:00 PM, 0
02/21/2024 11:00 PM, 0
02/22/2024 12:00 AM, 0
02/22/2024  1:00 AM, 0
02/22/2024  2:00 AM, 0
02/22/2024  3:00 AM, 0
02/22/2024  4:00 AM, 0
02/22/2024  5:00 AM, 0
02/22/2024  6:00 AM, 0
02/22/2024  7:00 AM, 0
02/22/2024  8:00 AM, 0
02/22/2024  9:00 AM, 0
02/22/2024 10:00 AM, 0
02/22/2024 11:00 AM, 46
02/22/2024 12:00 PM, 46
02/22/2024  1:00 PM, 46
02/22/2024  2:00 PM, 0
02/22/2024  3:00 PM, 0
02/22/2024  4:00 PM, 0
02/22/2024  5:00 PM, 0
02/22/2024  6:00 PM, 0
02/22/2024  7:00 PM, 0
02/22/2024  8:00 PM, 0
02/22/2024  9:00 PM, 0
02/22/2024 10:00 PM, 0
02/22/2024 11:00 PM, 0
02/23/2024 12:00 AM, 46
02/23/2024  1:00 AM, 0
02/23/2024  2:00 AM, 0
02/23/2024  3:00 AM, 0
02/23/2024  4:00 AM, 0
02/23/2024  5:00 AM, 17.566
02/23/2024  6:00 AM, 46
02/23/2024  7:00 AM, 46
02/23/2024  8:00 AM, 46
02/23/2024  9:00 AM, 0
02/23/2024 10:00 AM, 0
02/23/2024 11:00 AM, 0
02/23/2024 12:00 PM, 0
02/23/2024  1:00 PM, 0
02/23/2024  2:00 PM, 0
02/23/2024  3:00 PM, 0
02/23/2024  4:00 PM, 46
02/23/2024  5:00 PM, 0
02/23/2024  6:00 PM, 0
02/23/2024  7:00 PM, 0
02/23/2024  8:00 PM, 0
02/23/2024  9:00 PM, 0
02/23/2024 10:00 PM, 0
02/23/2024 11:00 PM, 0
02/24/2024 12:00 AM, 46
02/24/2024  1:00 AM, 46
02/24/2024  2:00 AM, 0
02/24/2024  3:00 AM, 17.566
02/24/2024  4:00 AM, 46
02/24/2024  5:00 AM, 46
02/24/2024  6:00 AM, 0
02/24/2024  7:00 AM, 0
02/24/2024  8:00 AM, 0
02/24/2024  9:00 AM, 0
02/24/2024 10:00 AM, 0
02/24/2024 11:00 AM, 0
02/24/2024 12:00 PM, 0
02/24/2024  1:00 PM, 0
02/24/2024  2:00 PM, 0
02/24/2024  3:00 PM, 0
02/24/2024  4:00 PM, 0
02/24/2024  5:00 PM, 0
02/24/2024  6:00 PM, 0
02/24/2024  7:00 PM, 0
02/24/2024  8:00 PM, 0
02/24/2024  9:00 PM, 0
02/24/2024 10:00 PM, 0
02/24/2024 11:00 PM, 0
02/25/2024 12:00 AM, 0
02/25/2024  1:00 AM, 0
02/25/2024  2:00 AM, 0
02/25/2024  3:00 AM, 0
02/25/2024  4:00 AM, 0
02/25/2024  5:00 AM, 0
02/25/2024  6:00 AM, 0
02/25/2024  7:00 AM, 0
02/25/2024  8:00 AM, 0
02/25/2024  9:00 AM, 46
02/25/2024 10:00 AM, 0
02/25/2024 11:00 AM, 46
02/25/2024 12:00 PM, 18.4046
02/25/2024  1:00 PM, 0
02/25/2024  2:00 PM, 0
02/25/2024  3:00 PM, 0
02/25/2024  4:00 PM, 0
02/25/2024  5:00 PM, 0
02/25/2024  6:00 PM, 0
02/25/2024  7:00 PM, 0
02/25/2024  8:00 PM, 0
02/25/2024  9:00 PM, 0
02/25/2024 10:00 PM, 0
02/25/2024 11:00 PM, 0
02/26/2024 12:00 AM, 9.2023
02/26/2024  1:00 AM, 0
02/26/2024  2:00 AM, 0
02/26/2024  3:00 AM, 46
02/26/2024  4:00 AM, 0
02/26/2024  5:00 AM, 0
02/26/2024  6:00 AM, 0
02/26/2024  7:00 AM, 0
02/26/2024  8:00 AM, 0
02/26/2024  9:00 AM, 0
02/26/2024 10:00 AM, 17.566
02/26/2024 11:00 AM, 46
02/26/2024 12:00 PM, 46
02/26/2024  1:00 PM, 46
02/26/2024  2:00 PM, 46
02/26/2024  3:00 PM, 0
02/26/2024  4:00 PM, 0
02/26/2024  5:00 PM, 0
02/26/2024  6:00 PM, 0
02/26/2024  7:00 PM, 0
02/26/2024  8:00 PM, 0
02/26/2024  9:00 PM, 0
02/26/2024 10:00 PM, 0
02/26/2024 11:00 PM, 0
02/27/2024 12:00 AM, 0
02/27/2024  1:00 AM, 0
02/27/2024  2:00 AM, 0
02/27/2024  3:00 AM, 0
02/27/2024  4:00 AM, 0
02/27/2024  5:00 AM, 0
02/27/2024  6:00 AM, 0
02/27/2024  7:00 AM, 0
02/27/2024  8:00 AM, 0
02/27/2024  9:00 AM, 0
02/27/2024 10:00 AM, 0
02/27/2024 11:00 AM, 46
02/27/2024 12:00 PM, 0
02/27/2024  1:00 PM, 9.2023
02/27/2024  2:00 PM, 0
02/27/2024  3:00 PM, 0
02/27/2024  4:00 PM, 0
02/27/2024  5:00 PM, 0
02/27/2024  6:00 PM, 0
02/27/2024  7:00 PM, 0
02/27/2024  8:00 PM, 0
02/27/2024  9:00 PM, 0
02/27/2024 10:00 PM, 0
02/27/2024 11:00 PM, 0
02/28/2024 12:00 AM, 46
02/28/2024  1:00 AM, 0
02/28/2024  2:00 AM, 46
02/28/2024  3:00 AM, 46
02/28/2024  4:00 AM, 46
02/28/2024  5:00 AM, 0
02/28/2024  6:00 AM, 0
02/28/2024  7:00 AM, 0
02/28/2024  8:00 AM, 0
02/28/2024  9:00 AM, 0
02/28/2024 10:00 AM, 0
02/28/2024 11:00 AM, 0
02/28/2024 12:00 PM, 46
02/28/2024  1:00 PM, 0
02/28/2024  2:00 PM, 46
02/28/2024  3:00 PM, 35.9702
02/28/2024  4:00 PM, 0
02/28/2024  5:00 PM, 0
02/28/2024  6:00 PM, 0
02/28/2024  7:00 PM, 0
02/28/2024  8:00 PM, 0
02/28/2024  9:00 PM, 0
02/28/2024 10:00 PM, 0
02/28/2024 11:00 PM, 0
02/29/2024 12:00 AM, 0
02/29/2024  1:00 AM, 0
02/29/2024  2:00 AM, 0
02/29/2024  3:00 AM, 0
02/29/2024  4:00 AM, 0
02/29/2024  5:00 AM, 0
02/29/2024  6:00 AM, 0
02/29/2024  7:00 AM, 0
02/29/2024  8:00 AM, 0
02/29/2024  9:00 AM, 0
02/29/2024 10:00 AM, 17.566
02/29/2024 11:00 AM, 46
02/29/2024 12:00 PM, 46
02/29/2024  1:00 PM, 46
02/29/2024  2:00 PM, 46
02/29/2024  3:00 PM, 0
02/29/2024  4:00 PM, 0
02/29/2024  5:00 PM, 0
02/29/2024  6:00 PM, 0
02/29/2024  7:00 PM, 0
02/29/2024  8:00 PM, 0
02/29/2024  9:00 PM, 0
02/29/2024 10:00 PM, 0
02/29/2024 11:00 PM, 0
03/01/2024 12:00 AM, 0
03/01/2024  1:00 AM, 0
03/01/2024  2:00 AM, 0
03/01/2024  3:00 AM, 0
03/01/2024  4:00 AM, 0
03/01/2024  5:00 AM, 0
03/01/2024  6:00 AM, 0
03/01/2024  7:00 AM, 46
03/01/2024  8:00 AM, 9.2023
03/01/2024  9:00 AM, 0
03/01/2024 10:00 AM, 0
03/01/2024 11:00 AM, 0
03/01/2024 12:00 PM, 0
03/01/2024  1:00 PM, 0
03/01/2024  2:00 PM, 0
03/01/2024  3:00 PM, 0
03/01/2024  4:00 PM, 0
03/01/2024  5:00 PM, 0
03/01/2024  6:00 PM, 0
03/01/2024  7:00 PM, 0
03/01/2024  8:00 PM, 0
03/01/2024  9:00 PM, 0
03/01/2024 10:00 PM, 0
03/01/2024 11:00 PM, 0
03/02/2024 12:00 AM, 18.4046
03/02/2024  1:00 AM, 46
03/02/2024  2:00 AM, 0
03/02/2024  3:00 AM, 0
03/02/2024  4:00 AM, 46
03/02/2024  5:00 AM, 0
03/02/2024  6:00 AM, 0
03/02/2024  7:00 AM, 0
03/02/2024  8:00 AM, 0
03/02/2024  9:00 AM, 0
03/02/2024 10:00 AM, 0
03/02/2024 11:00 AM, 0
03/02/2024 12:00 PM, 0
03/02/2024  1:00 PM, 0
03/02/2024  2:00 PM, 0
03/02/2024  3:00 PM, 0
03/02/2024  4:00 PM, 0
03/02/2024  5:00 PM, 0
03/02/2024  6:00 PM, 0
03/02/2024  7:00 PM, 0
03/02/2024  8:00 PM, 0
03/02/2024  9:00 PM, 0
03/02/2024 10:00 PM, 0
03/02/2024 11:00 PM, 0
03/03/2024 12:00 AM, 0
03/03/2024  1:00 AM, 0
03/03/2024  2:00 AM, 0
03/03/2024  3:00 AM, 0
03/03/2024  4:00 AM, 0
03/03/2024  5:00 AM, 0
03/03/2024  6:00 AM, 0
03/03/2024  7:00 AM, 0
03/03/2024  8:00 AM, 0
03/03/2024  9:00 AM, 9.2023
03/03/2024 10:00 AM, 0
03/03/2024 11:00 AM, 46
03/03/2024 12:00 PM, 0
03/03/2024  1:00 PM, 0
03/03/2024  2:00 PM, 0
03/03/2024  3:00 PM, 0
03/03/2024  4:00 PM, 0
03/03/2024  5:00 PM, 0
03/03/2024  6:00 PM, 0
03/03/2024  7:00 PM, 0
03/03/2024  8:00 PM, 0
03/03/2024  9:00 PM, 0
03/03/2024 10:00 PM, 0
03/03/2024 11:00 PM, 0
03/04/2024 12:00 AM, 0
03/04/2024  1:00 AM, 0
03/04/2024  2:00 AM, 0
03/04/2024  3:00 AM, 0
03/04/2024  4:00 AM, 0
03/04/2024  5:00 AM, 0
03/04/2024  6:00 AM, 0
03/04/2024  7:00 AM, 0
03/04/2024  8:00 AM, 0
03/04/2024  9:00 AM, 0
03/04/2024 10:00 AM, 46
03/04/2024 11:00 AM, 46
03/04/2024 12:00 PM, 46
03/04/2024  1:00 PM, 46
03/04/2024  2:00 PM, 0
03/04/2024  3:00 PM, 0
03/04/2024  4:00 PM, 0
03/04/2024  5:00 PM, 0
03/04/2024  6:00 PM, 0
03/04/2024  7:00 PM, 0
03/04/2024  8:00 PM, 0
03/04/2024  9:00 PM, 0
03/04/2024 10:00 PM, 0
03/04/2024 11:00 PM, 0
03/05/2024 12:00 AM, 46
03/05/2024  1:00 AM, 46
03/05/2024  2:00 AM, 35.9702
03/05/2024  3:00 AM, 0
03/05/2024  4:00 AM, 0
03/05/2024  5:00 AM, 0
03/05/2024  6:00 AM, 0
03/05/2024  7:00 AM, 0
03/05/2024  8:00 AM, 0
03/05/2024  9:00 AM, 46
03/05/2024 10:00 AM, 46
03/05/2024 11:00 AM, 0
03/05/2024 12:00 PM, 46
03/05/2024  1:00 PM, 46
03/05/2024  2:00 PM, 0
03/05/2024  3:00 PM, 0
03/05/2024  4:00 PM, 0
03/05/2024  5:00 PM, 0
03/05/2024  6:00 PM, 0
03/05/2024  7:00 PM, 46
03/05/2024  8:00 PM, 28.445
03/05/2024  9:00 PM, 0
03/05/2024 10:00 PM, 0
03/05/2024 11:00 PM, 0
03/06/2024 12:00 AM, 0
03/06/2024  1:00 AM, 0
03/06/2024  2:00 AM, 9.2023
03/06/2024  3:00 AM, 46
03/06/2024  4:00 AM, 0
03/06/2024  5:00 AM, 0
03/06/2024  6:00 AM, 0
03/06/2024  7:00 AM, 0
03/06/2024  8:00 AM, 0
03/06/2024  9:00 AM, 0
03/06/2024 10:00 AM, 0
03/06/2024 11:00 AM, 46
03/06/2024 12:00 PM, 46
03/06/2024  1:00 PM, 46
03/06/2024  2:00 PM, 46
03/06/2024  3:00 PM, 17.566
03/06/2024  4:00 PM, 0
03/06/2024  5:00 PM, 0
03/06/2024  6:00 PM, 0
03/06/2024  7:00 PM, 0
03/06/2024  8:00 PM, 0
03/06/2024  9:00 PM, 0
03/06/2024 10:00 PM, 0
03/06/2024 11:00 PM, 0
03/07/2024 12:00 AM, 0
03/07/2024  1:00 AM, 0
03/07/2024  2:00 AM, 0
03/07/2024  3:00 AM, 0
03/07/2024  4:00 AM, 0
03/07/2024  5:00 AM, 0
03/07/2024  6:00 AM, 0
03/07/2024  7:00 AM, 0
03/07/2024  8:00 AM, 17.566
03/07/2024  9:00 AM, 46
03/07/2024 10:00 AM, 46
03/07/2024 11:00 AM, 46
03/07/2024 12:00 PM, 46
03/07/2024  1:00 PM, 0
03/07/2024  2:00 PM, 0
03/07/2024  3:00 PM, 0
03/07/2024  4:00 PM, 0
03/07/2024  5:00 PM, 0
03/07/2024  6:00 PM, 0
03/07/2024  7:00 PM, 0
03/07/2024  8:00 PM, 0
03/07/2024  9:00 PM, 0
03/07/2024 10:00 PM, 0
03/07/2024 11:00 PM, 0
03/08/2024 12:00 AM, 0
03/08/2024  1:00 AM, 0
03/08/2024  2:00 AM, 0
03/08/2024  3:00 AM, 0
03/08/2024  4:00 AM, 0
03/08/2024  5:00 AM, 0
03/08/2024  6:00 AM, 0
03/08/2024  7:00 AM, 46
03/08/2024  8:00 AM, 46
03/08/2024  9:00 AM, 0
03/08/2024 10:00 AM, 46
03/08/2024 11:00 AM, 46
03/08/2024 12:00 PM, 0
03/08/2024  1:00 PM, 0
03/08/2024  2:00 PM, 17.566
03/08/2024  3:00 PM, 0
03/08/2024  4:00 PM, 0
03/08/2024  5:00 PM, 0
03/08/2024  6:00 PM, 0
03/08/2024  7:00 PM, 0
03/08/2024  8:00 PM, 0
03/08/2024  9:00 PM, 0
03/08/2024 10:00 PM, 0
03/08/2024 11:00 PM, 0
03/09/2024 12:00 AM, 17.566
03/09/2024  1:00 AM, 46
03/09/2024  2:00 AM, 46
03/09/2024  3:00 AM, 46
03/09/2024  4:00 AM, 46
03/09/2024  5:00 AM, 0
03/09/2024  6:00 AM, 0
03/09/2024  7:00 AM, 0
03/09/2024  8:00 AM, 0
03/09/2024  9:00 AM, 46
03/09/2024 10:00 AM, 9.2023
03/09/2024 11:00 AM, 0
03/09/2024 12:00 PM, 0
03/09/2024  1:00 PM, 0
03/09/2024  2:00 PM, 0
03/09/2024  3:00 PM, 0
03/09/2024  4:00 PM, 0
03/09/2024  5:00 PM, 46
03/09/2024  6:00 PM, 0
03/09/2024  7:00 PM, 0
03/09/2024  8:00 PM, 0
03/09/2024  9:00 PM, 0
03/09/2024 10:00 PM, 0
03/09/2024 11:00 PM, 0
03/10/2024 12:00 AM, 0
03/10/2024  1:00 AM, 0
03/10/2024  2:00 AM, 0
03/10/2024  3:00 AM, 0
03/10/2024  4:00 AM, 0
03/10/2024  5:00 AM, 0
03/10/2024  6:00 AM, 0
03/10/2024  7:00 AM, 0
03/10/2024  8:00 AM, 0
03/10/2024  9:00 AM, 46
03/10/2024 10:00 AM, 46
03/10/2024 11:00 AM, 46
03/10/2024 12:00 PM, 46
03/10/2024  1:00 PM, 17.566
03/10/2024  2:00 PM, 0
03/10/2024  3:00 PM, 0
03/10/2024  4:00 PM, 0
03/10/2024  5:00 PM, 0
03/10/2024  6:00 PM, 0
03/10/2024  7:00 PM, 0
03/10/2024  8:00 PM, 0
03/10/2024  9:00 PM, 0
03/10/2024 10:00 PM, 0
03/10/2024 11:00 PM, 0
03/11/2024 12:00 AM, 0
03/11/2024  1:00 AM, 9.2023
03/11/2024  2:00 AM, 0
03/11/2024  3:00 AM, 0
03/11/2024  4:00 AM, 46
03/11/2024  5:00 AM, 0
03/11/2024  6:00 AM, 0
03/11/2024  7:00 AM, 0
03/11/2024  8:00 AM, 0
03/11/2024  9:00 AM, 17.566
03/11/2024 10:00 AM, 46
03/11/2024 11:00 AM, 46
03/11/2024 12:00 PM, 46
03/11/2024  1:00 PM, 46
03/11/2024  2:00 PM, 0
03/11/2024  3:00 PM, 0
03/11/2024  4:00 PM, 0
03/11/2024  5:00 PM, 0
03/11/2024  6:00 PM, 0
03/11/2024  7:00 PM, 0
03/11/2024  8:00 PM, 0
03/11/2024  9:00 PM, 0
03/11/2024 10:00 PM, 0
03/11/2024 11:00 PM, 0
03/12/2024 12:00 AM, 0
03/12/2024  1:00 AM, 0
03/12/2024  2:00 AM, 0
03/12/2024  3:00 AM, 46
03/12/2024  4:00 AM, 9.2023
03/12/2024  5:00 AM, 0
03/12/2024  6:00 AM, 0
03/12/2024  7:00 AM, 0
03/12/2024  8:00 AM, 0
03/12/2024  9:00 AM, 17.566
03/12/2024 10:00 AM, 46
03/12/2024 11:00 AM, 46
03/12/2024 12:00 PM, 46
03/12/2024  1:00 PM, 46
03/12/2024  2:00 PM, 0
03/12/2024  3:00 PM, 0
03/12/2024  4:00 PM, 0
03/12/2024  5:00 PM, 0
03/12/2024  6:00 PM, 0
03/12/2024  7:00 PM, 0
03/12/2024  8:00 PM, 0
03/12/2024  9:00 PM, 0
03/12/2024 10:00 PM, 0
03/12/2024 11:00 PM, 0
03/13/2024 12:00 AM, 0
03/13/2024  1:00 AM, 0
03/13/2024  2:00 AM, 0
03/13/2024  3:00 AM, 0
03/13/2024  4:00 AM, 0
03/13/2024  5:00 AM, 0
03/13/2024  6:00 AM, 0
03/13/2024  7:00 AM, 0
03/13/2024  8:00 AM, 0
03/13/2024  9:00 AM, 0
03/13/2024 10:00 AM, 46
03/13/2024 11:00 AM, 46
03/13/2024 12:00 PM, 0
03/13/2024  1:00 PM, 0
03/13/2024  2:00 PM, 0
03/13/2024  3:00 PM, 0
03/13/2024  4:00 PM, 0
03/13/2024  5:00 PM, 0
03/13/2024  6:00 PM, 0
03/13/2024  7:00 PM, 0
03/13/2024  8:00 PM, 0
03/13/2024  9:00 PM, 0
03/13/2024 10:00 PM, 0
03/13/2024 11:00 PM, 0
03/14/2024 12:00 AM, 0
03/14/2024  1:00 AM, 0
03/14/2024  2:00 AM, 0
03/14/2024  3:00 AM, 0
03/14/2024  4:00 AM, 0
03/14/2024  5:00 AM, 0
03/14/2024  6:00 AM, 0
03/14/2024  7:00 AM, 0
03/14/2024  8:00 AM, 0
03/14/2024  9:00 AM, 0
03/14/2024 10:00 AM, 17.566
03/14/2024 11:00 AM, 46
03/14/2024 12:00 PM, 46
03/14/2024  1:00 PM, 46
03/14/2024  2:00 PM, 46
03/14/2024  3:00 PM, 0
03/14/2024  4:00 PM, 0
03/14/2024  5:00 PM, 0
03/14/2024  6:00 PM, 0
03/14/2024  7:00 PM, 0
03/14/2024  8:00 PM, 0
03/14/2024  9:00 PM, 0
03/14/2024 10:00 PM, 0
03/14/2024 11:00 PM, 0
03/15/2024 12:00 AM, 0
03/15/2024  1:00 AM, 0
03/15/2024  2:00 AM, 0
03/15/2024  3:00 AM, 0
03/15/2024  4:00 AM, 0
03/15/2024  5:00 AM, 0
03/15/2024  6:00 AM, 0
03/15/2024  7:00 AM, 0
03/15/2024  8:00 AM, 18.4046
03/15/2024  9:00 AM, 46
03/15/2024 10:00 AM, 46
03/15/2024 11:00 AM, 0
03/15/2024 12:00 PM, 0
03/15/2024  1:00 PM, 0
03/15/2024  2:00 PM, 0
03/15/2024  3:00 PM, 0
03/15/2024  4:00 PM, 0
03/15/2024  5:00 PM, 0
03/15/2024  6:00 PM, 0
03/15/2024  7:00 PM, 0
03/15/2024  8:00 PM, 0
03/15/2024  9:00 PM, 0
03/15/2024 10:00 PM, 0
03/15/2024 11:00 PM, 0
03/16/2024 12:00 AM, 0
03/16/2024  1:00 AM, 0
03/16/2024  2:00 AM, 0
03/16/2024  3:00 AM, 0
03/16/2024  4:00 AM, 0
03/16/2024  5:00 AM, 0
03/16/2024  6:00 AM, 0
03/16/2024  7:00 AM, 0
03/16/2024  8:00 AM, 0
03/16/2024  9:00 AM, 0
03/16/2024 10:00 AM, 46
03/16/2024 11:00 AM, 0
03/16/2024 12:00 PM, 0
03/16/2024  1:00 PM, 9.2023
03/16/2024  2:00 PM, 0
03/16/2024  3:00 PM, 0
03/16/2024  4:00 PM, 0
03/16/2024  5:00 PM, 0
03/16/2024  6:00 PM, 0
03/16/2024  7:00 PM, 0
03/16/2024  8:00 PM, 0
03/16/2024  9:00 PM, 0
03/16/2024 10:00 PM, 0
03/16/2024 11:00 PM, 0
03/17/2024 12:00 AM, 0
03/17/2024  1:00 AM, 0
03/17/2024  2:00 AM, 0
03/17/2024  3:00 AM, 0
03/17/2024  4:00 AM, 0
03/17/2024  5:00 AM, 0
03/17/2024  6:00 AM, 0
03/17/2024  7:00 AM, 0
03/17/2024  8:00 AM, 0
03/17/2024  9:00 AM, 46
03/17/2024 10:00 AM, 46
03/17/2024 11:00 AM, 0
03/17/2024 12:00 PM, 0
03/17/2024  1:00 PM, 18.4046
03/17/2024  2:00 PM, 0
03/17/2024  3:00 PM, 0
03/17/2024  4:00 PM, 0
03/17/2024  5:00 PM, 0
03/17/2024  6:00 PM, 0
03/17/2024  7:00 PM, 0
03/17/2024  8:00 PM, 0
03/17/2024  9:00 PM, 0
03/17/2024 10:00 PM, 0
03/17/2024 11:00 PM, 0
03/18/2024 12:00 AM, 0
03/18/2024  1:00 AM, 0
03/18/2024  2:00 AM, 0
03/18/2024  3:00 AM, 0
03/18/2024  4:00 AM, 0
03/18/2024  5:00 AM, 0
03/18/2024  6:00 AM, 0
03/18/2024  7:00 AM, 0
03/18/2024  8:00 AM, 0
03/18/2024  9:00 AM, 0
03/18/2024 10:00 AM, 0
03/18/2024 11:00 AM, 27.6064
03/18/2024 12:00 PM, 46
03/18/2024  1:00 PM, 46
03/18/2024  2:00 PM, 46
03/18/2024  3:00 PM, 0
03/18/2024  4:00 PM, 0
03/18/2024  5:00 PM, 0
03/18/2024  6:00 PM, 0
03/18/2024  7:00 PM, 0
03/18/2024  8:00 PM, 0
03/18/2024  9:00 PM, 0
03/18/2024 10:00 PM, 0
03/18/2024 11:00 PM, 0
03/19/2024 12:00 AM, 0
03/19/2024  1:00 AM, 0
03/19/2024  2:00 AM, 0
03/19/2024  3:00 AM, 0
03/19/2024  4:00 AM, 0
03/19/2024  5:00 AM, 0
03/19/2024  6:00 AM, 0
03/19/2024  7:00 AM, 0
03/19/2024  8:00 AM, 0
03/19/2024  9:00 AM, 0
03/19/2024 10:00 AM, 0
03/19/2024 11:00 AM, 0
03/19/2024 12:00 PM, 46
03/19/2024  1:00 PM, 9.2023
03/19/2024  2:00 PM, 0
03/19/2024  3:00 PM, 0
03/19/2024  4:00 PM, 0
03/19/2024  5:00 PM, 0
03/19/2024  6:00 PM, 0
03/19/2024  7:00 PM, 0
03/19/2024  8:00 PM, 0
03/19/2024  9:00 PM, 0
03/19/2024 10:00 PM, 0
03/19/2024 11:00 PM, 0
03/20/2024 12:00 AM, 0
03/20/2024  1:00 AM, 0
03/20/2024  2:00 AM, 0
03/20/2024  3:00 AM, 0
03/20/2024  4:00 AM, 0
03/20/2024  5:00 AM, 0
03/20/2024  6:00 AM, 0
03/20/2024  7:00 AM, 0
03/20/2024  8:00 AM, 0
03/20/2024  9:00 AM, 0
03/20/2024 10:00 AM, 46
03/20/2024 11:00 AM, 46
03/20/2024 12:00 PM, 46
03/20/2024  1:00 PM, 17.566
03/20/2024  2:00 PM, 46
03/20/2024  3:00 PM, 0
03/20/2024  4:00 PM, 0
03/20/2024  5:00 PM, 0
03/20/2024  6:00 PM, 0
03/20/2024  7:00 PM, 19.2427
03/20/2024  8:00 PM, 0
03/20/2024  9:00 PM, 0
03/20/2024 10:00 PM, 0
03/20/2024 11:00 PM, 0
03/21/2024 12:00 AM, 0
03/21/2024  1:00 AM, 0
03/21/2024  2:00 AM, 0
03/21/2024  3:00 AM, 0
03/21/2024  4:00 AM, 0
03/21/2024  5:00 AM, 0
03/21/2024  6:00 AM, 0
03/21/2024  7:00 AM, 0
03/21/2024  8:00 AM, 0
03/21/2024  9:00 AM, 0
03/21/2024 10:00 AM, 46
03/21/2024 11:00 AM, 46
03/21/2024 12:00 PM, 17.566
03/21/2024  1:00 PM, 46
03/21/2024  2:00 PM, 46
03/21/2024  3:00 PM, 0
03/21/2024  4:00 PM, 0
03/21/2024  5:00 PM, 0
03/21/2024  6:00 PM, 0
03/21/2024  7:00 PM, 0
03/21/2024  8:00 PM, 0
03/21/2024  9:00 PM, 0
03/21/2024 10:00 PM, 0
03/21/2024 11:00 PM, 0
03/22/2024 12:00 AM, 0
03/22/2024  1:00 AM, 0
03/22/2024  2:00 AM, 0
03/22/2024  3:00 AM, 0
03/22/2024  4:00 AM, 0
03/22/2024  5:00 AM, 0
03/22/2024  6:00 AM, 0
03/22/2024  7:00 AM, 0
03/22/2024  8:00 AM, 0
03/22/2024  9:00 AM, 0
03/22/2024 10:00 AM, 46
03/22/2024 11:00 AM, 46
03/22/2024 12:00 PM, 46
03/22/2024  1:00 PM, 46
03/22/2024  2:00 PM, 17.566
03/22/2024  3:00 PM, 0
03/22/2024  4:00 PM, 0
03/22/2024  5:00 PM, 0
03/22/2024  6:00 PM, 0
03/22/2024  7:00 PM, 0
03/22/2024  8:00 PM, 0
03/22/2024  9:00 PM, 0
03/22/2024 10:00 PM, 0
03/22/2024 11:00 PM, 0
03/23/2024 12:00 AM, 18.4046
03/23/2024  1:00 AM, 0
03/23/2024  2:00 AM, 0
03/23/2024  3:00 AM, 46
03/23/2024  4:00 AM, 46
03/23/2024  5:00 AM, 0
03/23/2024  6:00 AM, 0
03/23/2024  7:00 AM, 0
03/23/2024  8:00 AM, 0
03/23/2024  9:00 AM, 0
03/23/2024 10:00 AM, 0
03/23/2024 11:00 AM, 0
03/23/2024 12:00 PM, 0
03/23/2024  1:00 PM, 0
03/23/2024  2:00 PM, 0
03/23/2024  3:00 PM, 0
03/23/2024  4:00 PM, 0
03/23/2024  5:00 PM, 0
03/23/2024  6:00 PM, 0
03/23/2024  7:00 PM, 0
03/23/2024  8:00 PM, 0
03/23/2024  9:00 PM, 0
03/23/2024 10:00 PM, 0
03/23/2024 11:00 PM, 0
03/24/2024 12:00 AM, 0
03/24/2024  1:00 AM, 0
03/24/2024  2:00 AM, 0
03/24/2024  3:00 AM, 0
03/24/2024  4:00 AM, 0
03/24/2024  5:00 AM, 0
03/24/2024  6:00 AM, 0
03/24/2024  7:00 AM, 0
03/24/2024  8:00 AM, 0
03/24/2024  9:00 AM, 9.2023
03/24/2024 10:00 AM, 46
03/24/2024 11:00 AM, 0
03/24/2024 12:00 PM, 0
03/24/2024  1:00 PM, 0
03/24/2024  2:00 PM, 0
03/24/2024  3:00 PM, 0
03/24/2024  4:00 PM, 0
03/24/2024  5:00 PM, 0
03/24/2024  6:00 PM, 0
03/24/2024  7:00 PM, 0
03/24/2024  8:00 PM, 0
03/24/2024  9:00 PM, 0
03/24/2024 10:00 PM, 0
03/24/2024 11:00 PM, 0
03/25/2024 12:00 AM, 0
03/25/2024  1:00 AM, 0
03/25/2024  2:00 AM, 0
03/25/2024  3:00 AM, 0
03/25/2024  4:00 AM, 0
03/25/2024  5:00 AM, 0
03/25/2024  6:00 AM, 0
03/25/2024  7:00 AM, 0
03/25/2024  8:00 AM, 0
03/25/2024  9:00 AM, 0
03/25/2024 10:00 AM, 46
03/25/2024 11:00 AM, 27.6064
03/25/2024 12:00 PM, 46
03/25/2024  1:00 PM, 46
03/25/2024  2:00 PM, 0
03/25/2024  3:00 PM, 0
03/25/2024  4:00 PM, 0
03/25/2024  5:00 PM, 0
03/25/2024  6:00 PM, 0
03/25/2024  7:00 PM, 0
03/25/2024  8:00 PM, 0
03/25/2024  9:00 PM, 0
03/25/2024 10:00 PM, 0
03/25/2024 11:00 PM, 0
03/26/2024 12:00 AM, 0
03/26/2024  1:00 AM, 0
03/26/2024  2:00 AM, 0
03/26/2024  3:00 AM, 0
03/26/2024  4:00 AM, 0
03/26/2024  5:00 AM, 0
03/26/2024  6:00 AM, 0
03/26/2024  7:00 AM, 0
03/26/2024  8:00 AM, 0
03/26/2024  9:00 AM, 46
03/26/2024 10:00 AM, 46
03/26/2024 11:00 AM, 46
03/26/2024 12:00 PM, 46
03/26/2024  1:00 PM, 17.566
03/26/2024  2:00 PM, 0
03/26/2024  3:00 PM, 0
03/26/2024  4:00 PM, 0
03/26/2024  5:00 PM, 0
03/26/2024  6:00 PM, 0
03/26/2024  7:00 PM, 0
03/26/2024  8:00 PM, 0
03/26/2024  9:00 PM, 0
03/26/2024 10:00 PM, 0
03/26/2024 11:00 PM, 0
03/27/2024 12:00 AM, 0
03/27/2024  1:00 AM, 0
03/27/2024  2:00 AM, 0
03/27/2024  3:00 AM, 0
03/27/2024  4:00 AM, 0
03/27/2024  5:00 AM, 46
03/27/2024  6:00 AM, 0
03/27/2024  7:00 AM, 0
03/27/2024  8:00 AM, 0
03/27/2024  9:00 AM, 46
03/27/2024 10:00 AM, 46
03/27/2024 11:00 AM, 46
03/27/2024 12:00 PM, 0
03/27/2024  1:00 PM, 17.566
03/27/2024  2:00 PM, 0
03/27/2024  3:00 PM, 0
03/27/2024  4:00 PM, 0
03/27/2024  5:00 PM, 0
03/27/2024  6:00 PM, 0
03/27/2024  7:00 PM, 0
03/27/2024  8:00 PM, 0
03/27/2024  9:00 PM, 0
03/27/2024 10:00 PM, 0
03/27/2024 11:00 PM, 0
03/28/2024 12:00 AM, 0
03/28/2024  1:00 AM, 0
03/28/2024  2:00 AM, 0
03/28/2024  3:00 AM, 0
03/28/2024  4:00 AM, 0
03/28/2024  5:00 AM, 0
03/28/2024  6:00 AM, 0
03/28/2024  7:00 AM, 0
03/28/2024  8:00 AM, 0
03/28/2024  9:00 AM, 17.566
03/28/2024 10:00 AM, 0
03/28/2024 11:00 AM, 46
03/28/2024 12:00 PM, 46
03/28/2024  1:00 PM, 46
03/28/2024  2:00 PM, 46
03/28/2024  3:00 PM, 0
03/28/2024  4:00 PM, 0
03/28/2024  5:00 PM, 0
03/28/2024  6:00 PM, 0
03/28/2024  7:00 PM, 0
03/28/2024  8:00 PM, 0
03/28/2024  9:00 PM, 0
03/28/2024 10:00 PM, 0
03/28/2024 11:00 PM, 0
03/29/2024 12:00 AM, 0
03/29/2024  1:00 AM, 0
03/29/2024  2:00 AM, 0
03/29/2024  3:00 AM, 0
03/29/2024  4:00 AM, 0
03/29/2024  5:00 AM, 0
03/29/2024  6:00 AM, 0
03/29/2024  7:00 AM, 0
03/29/2024  8:00 AM, 0
03/29/2024  9:00 AM, 0
03/29/2024 10:00 AM, 46
03/29/2024 11:00 AM, 46
03/29/2024 12:00 PM, 46
03/29/2024  1:00 PM, 17.566
03/29/2024  2:00 PM, 46
03/29/2024  3:00 PM, 0
03/29/2024  4:00 PM, 0
03/29/2024  5:00 PM, 0
03/29/2024  6:00 PM, 0
03/29/2024  7:00 PM, 0
03/29/2024  8:00 PM, 0
03/29/2024  9:00 PM, 0
03/29/2024 10:00 PM, 0
03/29/2024 11:00 PM, 0
03/30/2024 12:00 AM, 0
03/30/2024  1:00 AM, 0
03/30/2024  2:00 AM, 0
03/30/2024  3:00 AM, 0
03/30/2024  4:00 AM, 0
03/30/2024  5:00 AM, 0
03/30/2024  6:00 AM, 0
03/30/2024  7:00 AM, 0
03/30/2024  8:00 AM, 46
03/30/2024  9:00 AM, 46
03/30/2024 10:00 AM, 46
03/30/2024 11:00 AM, 46
03/30/2024 12:00 PM, 0
03/30/2024  1:00 PM, 0
03/30/2024  2:00 PM, 0
03/30/2024  3:00 PM, 0
03/30/2024  4:00 PM, 0
03/30/2024  5:00 PM, 0
03/30/2024  6:00 PM, 0
03/30/2024  7:00 PM, 0
03/30/2024  8:00 PM, 0
03/30/2024  9:00 PM, 0
03/30/2024 10:00 PM, 0
03/30/2024 11:00 PM, 0
03/31/2024 12:00 AM, 0
03/31/2024  1:00 AM, 0
03/31/2024  2:00 AM, 46
03/31/2024  3:00 AM, 0
03/31/2024  4:00 AM, 0
03/31/2024  5:00 AM, 0
03/31/2024  6:00 AM, 17.566
03/31/2024  7:00 AM, 0
03/31/2024  8:00 AM, 0
03/31/2024  9:00 AM, 0
03/31/2024 10:00 AM, 0
03/31/2024 11:00 AM, 46
03/31/2024 12:00 PM, 46
03/31/2024  1:00 PM, 46
03/31/2024  2:00 PM, 0
03/31/2024  3:00 PM, 0
03/31/2024  4:00 PM, 0
03/31/2024  5:00 PM, 0
03/31/2024  6:00 PM, 0
03/31/2024  7:00 PM, 0
03/31/2024  8:00 PM, 0
03/31/2024  9:00 PM, 0
03/31/2024 10:00 PM, 0
03/31/2024 11:00 PM, 0
























